"Correct_Response","Data_Type","Data_Type_Sort","Diff","ID_1","ID_2","ID_changer","New_Pitch","Percent_1","Percent_2","Pitch_1","Pitch_2","Radius_1","Radius_2","Size_1","Size_2","Trial_Type","acc","accept_status","accuracy","age","average_response_time","avg_rt","background","bidi","canvas_backend","checkbox_status","clock_backend","color_backend","compensation","coordinates","correct","correct_button_mouse","correct_instructions","correct_mouse","count_ExperimentLoop","count_ExperimentSequence","count_Fixation","count_Intermediate","count_Participant_data","count_Pitch_1","count_Pitch_2","count_Stimulus","count_Visual_1","count_Visual_2","count_end_of_experiment","count_experiment","count_instructions","count_logger","count_mouse","count_new_form_consent","count_reset_feedback","count_trial","datetime","description","disable_garbage_collection","experiment_file","experiment_path","font_bold","font_family","font_italic","font_size","font_underline","foreground","form_clicks","form_response","fullscreen","gender","height","initiation_time","initiation_time_mouse","keyboard_backend","live_row","live_row_ExperimentLoop","logfile","mouse_backend","opensesame_codename","opensesame_version","psychopy_monitor","psychopy_waitblanking","repeat_cycle","response","response_end_of_experiment","response_instructions","response_mouse","response_time","response_time_end_of_experiment","response_time_instructions","response_time_mouse","round_decimals","sampler_backend","senses","sound_buf_size","sound_channels","sound_freq","sound_sample_size","start","subject_nr","subject_parity","time_ExperimentLoop","time_ExperimentSequence","time_Fixation","time_Intermediate","time_Participant_data","time_Pitch_1","time_Pitch_2","time_Stimulus","time_Visual_1","time_Visual_2","time_end_of_experiment","time_experiment","time_instructions","time_logger","time_mouse","time_new_form_consent","time_reset_feedback","time_trial","timestamps_mouse","title","total_correct","total_response_time","total_responses","uniform_coordinates","width","xpos_mouse","ypos_mouse"
"BIGGER","Training","0","-750","5","6","1","2250","0.53","0.48","1500","2250","183","201.5","366","403","Control","undefined","yes","undefined","22","undefined","undefined","black","yes","psycho","I have read and understood the information shown above","psycho","psycho","0","uniform","1","BIGGER","undefined","1","0","0","0","0","0","0","0","0","0","0","0","0","0","0","0","0","0","0","Fri Dec  9 14:03:01 2022","A template containing a practice and an experimental phase","yes","experiment.osexp","C:\Users\lauri\Desktop\Local_Git\Laurits_Code\Experiments\PercAct - Exam","no","mono","no","42","no","white","no","Participate!","yes","Male","2000","0","0","psycho","0","0","C:/Users/lauri/Desktop/Local_Git/Laurits_Code/Experiments/PercAct - Exam/Data/subject-9365.csv","psycho","Lentiform Loewenfeld","3.3.12","testMonitor","yes","0","BIGGER","NA","space","BIGGER","2755.264800041914","NA","27760.759299853817","2755.264800041914","2","psycho","Yes","1024","2","48000","-16","experiment","9365","odd","87590.25449980982","87589.9034999311","87877.55689979531","89408.1162000075","11392.047999892384","88378.99789982475","90409.02479994111","91431.93929991685","88897.54029992037","90910.75369995087","NA","11391.782299848273","59826.40939997509","94194.37009980902","91432.76699981652","37153.602699982","NA","87866.7592999991","[91435.64819986932, 91450.01779985614, 91461.02169994265, 91471.7943998985, 91482.48939984478, 91504.69759991392, 91518.0639999453, 91528.98539998569, 91540.07829981856, 91550.70039979182, 91561.40029989183, 91572.48869980685, 91583.1915999297, 91593.89779996127, 91604.52039982192, 91615.26469979435, 91625.98689994775, 91636.52439997531, 91647.1466999501, 91657.89199993014, 91668.93459996209, 91679.60589984432, 91690.61819999479, 91701.38260000385, 91712.0455999393, 91722.74150000885, 91734.07919984311, 91744.81950001791, 91755.48699987121, 91766.15339983255, 91779.02969997376, 91794.97349984013, 91808.71219979599, 91819.53249988146, 91830.23749990389, 91841.2224999629, 91852.04049991444, 91862.72399988957, 91873.96359979175, 91885.35809982568, 91896.07139979489, 91906.98969992809, 91918.38329983875, 91929.04979991727, 91940.2054999955, 91951.33519987576, 91962.02400000766, 91972.64539985918, 91983.666599961, 91994.44079981185, 92006.357899867, 92017.84989982843, 92028.63039984368, 92039.66009989381, 92050.70879985578, 92063.23649990372, 92077.7694999706, 92091.1189999897, 92101.78599995561, 92112.44609998539, 92123.68809990585, 92134.91009990685, 92145.66409983672, 92156.73449984752, 92168.0118998047, 92178.93539997749, 92189.83669998124, 92201.86399994418, 92212.90029981174, 92224.27859995514, 92235.32789992169, 92246.01759994403, 92257.25659984164, 92268.06149980985, 92279.62379995733, 92290.4349998571, 92301.69419990852, 92312.41949996911, 92324.10239987075, 92335.53889999166, 92354.47819996625, 92365.28699984774, 92380.83569984883, 92392.52899982966, 92403.31480000168, 92414.59249984473, 92425.58859987184, 92436.93079985678, 92448.221599916, 92459.23239993863, 92470.30579997227, 92481.64979997091, 92492.40179988556, 92503.87679995038, 92514.90870001726, 92525.81339981407, 92537.22850000486, 92548.4654000029, 92559.93919982575, 92570.69680001587, 92581.44139987417, 92592.2526998911, 92603.39799989015, 92634.1029999312, 92646.81750000454, 92658.50169979967, 92670.46479997225, 92681.92459992133, 92693.54329979979, 92704.2501999531, 92714.95229983702, 92725.69200000726, 92736.36189987883, 92747.253799811, 92762.31189980172, 92772.9877999518, 92784.29779992439, 92794.95639982633, 92805.48739992082, 92816.28989987075, 92827.13239989243, 92838.09169987217, 92848.80759986117, 92860.167699866, 92870.75109989382, 92881.98899989948, 92894.4627000019, 92905.01170000061, 92916.04909999296, 92927.98779997975, 92938.84800001979, 92950.09789988399, 92961.95289981551, 92972.63480001129, 92984.02049997821, 92994.66159986332, 93005.5159998592, 93016.73439983279, 93028.7287000101, 93039.29159999825, 93050.94719980843, 93061.55559979379, 93075.05769981071, 93085.88649984449, 93097.30009990744, 93109.02159987018, 93121.26879999414, 93132.61659978889, 93144.64449998923, 93159.32350000367, 93170.48659990542, 93181.19249981828, 93195.32259996049, 93205.96409984864, 93217.8839999251, 93229.02029985562, 93240.24969991297, 93251.50729995221, 93262.2744999826, 93273.30319979228, 93284.38249998726, 93294.99079985544, 93306.03410000913, 93317.49950000085, 93328.8004999049, 93339.53929995187, 93350.98139988258, 93361.81719996966, 93372.46349989437, 93383.12419992872, 93394.34329979122, 93405.24069988169, 93416.22000001371, 93427.76649980806, 93439.04809979722, 93450.6090998184, 93461.274900008, 93471.77599999122, 93482.39329992794, 93493.05179994553, 93503.62309999764, 93514.22539982013, 93524.84490000643, 93535.76449980028, 93546.3926999364, 93557.61169991456, 93569.41749993712, 93580.01629984938, 93591.11619996838, 93601.7978999298, 93612.47409996577, 93623.74499998987, 93634.78529988788, 93645.40789998136, 93657.31159993447, 93669.41219987348, 93698.43299989589, 93709.62999993935, 93720.2461999841, 93730.92189989984, 93744.38689998351, 93755.48219983466, 93766.31490001455, 93778.42919994146, 93789.02939986438, 93799.69309992157, 93810.30069990084, 93820.8741999697, 93831.75499993376, 93842.74769993499, 93853.94009994343, 93864.5283000078, 93878.62470000982, 93890.14159981161, 93901.70459984802, 93912.33359999023, 93923.69049997069, 93934.49399992824, 93945.74859994464, 93957.09119993262, 93968.66009989753, 93979.21419981867, 93990.43969996274, 94001.78169994615, 94012.43499992415, 94024.12959979847, 94035.56149988435, 94046.92119988613, 94064.99089999124, 94075.85099991411, 94086.50219999254, 94098.05379994214, 94108.77719987184, 94119.36289980076, 94130.55959995836, 94141.1925998982, 94151.78339998238, 94162.35619992949, 94173.61019994132, 94184.30679989979, 94190.91299991123]","Extended template","0","0","0","yes","3000","[0, 1.0, 1.0, 1.0, 1.0, 2.0, 2.0, 2.0, 2.0, 2.0, 2.0, 2.0, 3.0, 3.0, 3.0, 3.0, 3.0, 3.0, 3.0, 3.0, 3.0, 3.0, 3.0, 3.0, 3.0, 3.0, 3.0, 3.0, 3.0, 3.0, 3.0, 3.0, 3.0, 3.0, 3.0, 3.0, 3.0, 3.0, 3.0, 3.0, 3.0, 3.0, 3.0, 3.0, 3.0, 3.0, 3.0, 3.0, 3.0, 3.0, 3.0, 3.0, 3.0, 3.0, 3.0, 3.0, 3.0, 3.0, 3.0, 3.0, 3.0, 3.0, 3.0, 3.0, 3.0, 3.0, 3.0, 3.0, 3.0, 3.0, 3.0, 3.0, 4.0, 4.0, 5.0, 5.0, 5.0, 7.0, 7.0, 7.0, 11.0, 11.0, 15.0, 18.0, 18.0, 21.0, 23.0, 23.0, 26.0, 26.0, 26.0, 28.0, 28.0, 28.0, 28.0, 28.0, 28.0, 28.0, 28.0, 28.0, 28.0, 28.0, 28.0, 27.0, 27.0, 27.0, 27.0, 26.0, 26.0, 26.0, 26.0, 25.0, 25.0, 25.0, 24.0, 24.0, 24.0, 24.0, 24.0, 24.0, 23.0, 23.0, 23.0, 22.0, 20.0, 20.0, 18.0, 18.0, 18.0, 15.0, 13.0, 13.0, 9.0, 7.0, 7.0, -2.0, -5.0, -5.0, -15.0, -20.0, -20.0, -32.0, -45.0, -45.0, -71.0, -76.0, -76.0, -127.0, -127.0, -127.0, -209.0, -209.0, -257.0, -269.0, -269.0, -330.0, -378.0, -378.0, -401.0, -432.0, -432.0, -461.0, -472.0, -472.0, -489.0, -493.0, -493.0, -501.0, -501.0, -501.0, -501.0, -501.0, -501.0, -501.0, -501.0, -501.0, -501.0, -501.0, -501.0, -501.0, -501.0, -501.0, -501.0, -501.0, -501.0, -501.0, -501.0, -501.0, -501.0, -501.0, -498.0, -495.0, -495.0, -475.0, -468.0, -468.0, -377.0, -327.0, -296.0, -296.0, -191.0, -111.0, -111.0, 24.0, 87.0, 87.0, 215.0, 249.0, 280.0, 337.0, 398.0, 398.0, 457.0, 465.0, 474.0, 475.0, 475.0, 475.0, 475.0, 475.0, 475.0, 475.0, 475.0, 475.0, 475.0, 475.0, 479.0, 481.0, 492.0, 493.0, 493.0, 498.0, 498.0, 498.0, 500.0, 500.0, 500.0, 501.0, 501.0, 501.0, 501.0]","[356, 356.0, 356.0, 356.0, 356.0, 356.0, 356.0, 356.0, 357.0, 357.0, 357.0, 357.0, 357.0, 357.0, 357.0, 357.0, 357.0, 357.0, 357.0, 357.0, 357.0, 357.0, 357.0, 357.0, 357.0, 357.0, 357.0, 357.0, 357.0, 357.0, 357.0, 357.0, 357.0, 357.0, 357.0, 357.0, 357.0, 357.0, 357.0, 357.0, 357.0, 357.0, 357.0, 357.0, 357.0, 357.0, 357.0, 357.0, 357.0, 357.0, 357.0, 357.0, 357.0, 357.0, 357.0, 357.0, 357.0, 357.0, 357.0, 357.0, 357.0, 357.0, 357.0, 357.0, 357.0, 357.0, 357.0, 357.0, 357.0, 357.0, 357.0, 357.0, 353.0, 353.0, 350.0, 348.0, 348.0, 341.0, 336.0, 336.0, 323.0, 323.0, 304.0, 295.0, 295.0, 277.0, 269.0, 269.0, 251.0, 244.0, 244.0, 234.0, 234.0, 234.0, 232.0, 231.0, 231.0, 228.0, 226.0, 226.0, 222.0, 219.0, 219.0, 207.0, 197.0, 196.0, 196.0, 191.0, 189.0, 189.0, 188.0, 188.0, 188.0, 188.0, 187.0, 187.0, 187.0, 186.0, 186.0, 186.0, 186.0, 185.0, 185.0, 185.0, 185.0, 185.0, 183.0, 183.0, 183.0, 180.0, 179.0, 179.0, 174.0, 172.0, 172.0, 162.0, 157.0, 157.0, 144.0, 136.0, 136.0, 122.0, 110.0, 110.0, 82.0, 77.0, 77.0, 29.0, 29.0, 29.0, -56.0, -56.0, -110.0, -122.0, -122.0, -189.0, -238.0, -238.0, -260.0, -292.0, -292.0, -320.0, -330.0, -330.0, -344.0, -346.0, -346.0, -352.0, -352.0, -352.0, -352.0, -352.0, -352.0, -352.0, -352.0, -352.0, -352.0, -352.0, -352.0, -352.0, -352.0, -352.0, -352.0, -352.0, -352.0, -352.0, -352.0, -352.0, -352.0, -352.0, -351.0, -350.0, -350.0, -347.0, -346.0, -346.0, -334.0, -329.0, -326.0, -326.0, -321.0, -317.0, -317.0, -306.0, -300.0, -300.0, -287.0, -284.0, -279.0, -271.0, -259.0, -259.0, -246.0, -244.0, -242.0, -241.0, -241.0, -241.0, -241.0, -241.0, -241.0, -241.0, -241.0, -241.0, -241.0, -241.0, -244.0, -246.0, -254.0, -256.0, -256.0, -261.0, -262.0, -262.0, -266.0, -267.0, -267.0, -268.0, -268.0, -268.0, -268.0]"
"SMALLER","Training","0","333","4","3","-1","667","0.5","0.51","1000","667","166.5","151.5","333","303","Control","undefined","yes","undefined","22","undefined","undefined","black","yes","psycho","I have read and understood the information shown above","psycho","psycho","0","uniform","1","SMALLER","undefined","1","0","0","1","1","0","1","1","1","1","1","0","0","0","1","1","0","0","1","Fri Dec  9 14:03:01 2022","A template containing a practice and an experimental phase","yes","experiment.osexp","C:\Users\lauri\Desktop\Local_Git\Laurits_Code\Experiments\PercAct - Exam","no","mono","no","42","no","white","no","Participate!","yes","Male","2000","53.02420002408326","53.02420002408326","psycho","1","1","C:/Users/lauri/Desktop/Local_Git/Laurits_Code/Experiments/PercAct - Exam/Data/subject-9365.csv","psycho","Lentiform Loewenfeld","3.3.12","testMonitor","yes","0","SMALLER","NA","space","SMALLER","1043.8580000773072","NA","27760.759299853817","1043.8580000773072","2","psycho","Yes","1024","2","48000","-16","experiment","9365","odd","87590.25449980982","87589.9034999311","94756.37219985947","96249.05799981207","11392.047999892384","95256.40169996768","97249.84519998543","98277.84199989401","95740.6508999411","97763.71969981119","NA","11391.782299848273","59826.40939997509","99327.95930001885","98278.0489998404","37153.602699982","NA","94729.79989997111","[98279.4517998118, 98290.36909993738, 98300.95790000632, 98311.6318997927, 98322.04479980282, 98332.47599983588, 98343.02629996091, 98353.42239984311, 98364.05809991993, 98374.60809992626, 98385.00319980085, 98395.40509996004, 98405.8147999458, 98416.21179995127, 98426.67919979431, 98437.04649992287, 98448.02199979313, 98458.76299985684, 98469.1333998926, 98479.58759986795, 98490.16489996575, 98500.55509991944, 98511.51099987328, 98521.93739986978, 98532.44629991241, 98542.99869993702, 98553.5587000195, 98564.1627998557, 98574.87559993751, 98585.36419994198, 98595.9617998451, 98606.82299989276, 98618.28950000927, 98628.88059997931, 98640.16069984064, 98650.68409987725, 98661.27839987166, 98671.74389981665, 98682.16339987703, 98692.88220000453, 98703.22389993817, 98713.59890000895, 98726.8661998678, 98739.17879979126, 98749.49529999867, 98759.73970000632, 98769.9680000078, 98780.37870000117, 98791.4773998782, 98802.62349988334, 98813.32189985551, 98825.81519987434, 98836.24059986323, 98846.84080001898, 98858.93379990011, 98869.86579978839, 98880.50079997629, 98891.80829981342, 98902.30919979513, 98912.72069979459, 98923.47609996796, 98934.12409978919, 98944.77369985543, 98955.21529996768, 98965.63069988042, 98976.05629987083, 98986.78269982338, 98997.98639980145, 99008.41489993036, 99019.50659998693, 99029.97429994866, 99040.51889991388, 99051.12129985355, 99061.58259999938, 99072.1579999663, 99082.60799990967, 99093.05139980279, 99103.46749983728, 99113.9396999497, 99127.00959993526, 99137.46349979192, 99147.88930001669, 99158.9647999499, 99169.84969982877, 99180.3166999016, 99191.97789998725, 99202.42669992149, 99212.86139986478, 99223.39169983752, 99233.96299988963, 99245.19469984807, 99256.58749998547, 99267.63069978915, 99278.14810001291, 99288.62479981035, 99299.40309980884, 99310.11029984802, 99320.50409982912, 99323.3097998891]","Extended template","0","0","0","yes","3000","[0, 0.0, 0.0, 0.0, 0.0, 0.0, 0.0, 0.0, 0.0, 0.0, 0.0, 0.0, 0.0, 0.0, 0.0, 0.0, 0.0, 0.0, 0.0, 0.0, 0.0, 0.0, 0.0, 0.0, 0.0, 0.0, 0.0, 0.0, -1.0, -1.0, -3.0, -4.0, -4.0, -9.0, -14.0, -14.0, -22.0, -25.0, -25.0, -33.0, -36.0, -39.0, -39.0, -99.0, -99.0, -162.0, -192.0, -221.0, -260.0, -294.0, -331.0, -421.0, -469.0, -511.0, -556.0, -596.0, -596.0, -637.0, -672.0, -672.0, -672.0, -693.0, -693.0, -693.0, -686.0, -677.0, -677.0, -634.0, -629.0, -629.0, -610.0, -604.0, -604.0, -574.0, -567.0, -559.0, -553.0, -543.0, -543.0, -538.0, -538.0, -538.0, -538.0, -538.0, -538.0, -538.0, -538.0, -538.0, -538.0, -538.0, -538.0, -538.0, -541.0, -541.0, -541.0, -541.0, -541.0, -541.0, -541.0]","[356, 356.0, 356.0, 356.0, 356.0, 356.0, 357.0, 357.0, 357.0, 357.0, 357.0, 357.0, 357.0, 357.0, 357.0, 357.0, 357.0, 357.0, 357.0, 357.0, 357.0, 357.0, 357.0, 357.0, 358.0, 358.0, 358.0, 360.0, 360.0, 360.0, 361.0, 362.0, 362.0, 362.0, 362.0, 362.0, 361.0, 361.0, 361.0, 358.0, 357.0, 356.0, 356.0, 343.0, 343.0, 331.0, 324.0, 319.0, 314.0, 309.0, 303.0, 288.0, 278.0, 271.0, 263.0, 253.0, 253.0, 239.0, 222.0, 222.0, 222.0, 192.0, 181.0, 181.0, 136.0, 116.0, 116.0, 16.0, 4.0, 4.0, -41.0, -59.0, -59.0, -139.0, -164.0, -186.0, -216.0, -263.0, -263.0, -310.0, -325.0, -339.0, -357.0, -370.0, -370.0, -376.0, -376.0, -376.0, -376.0, -376.0, -376.0, -376.0, -373.0, -373.0, -373.0, -372.0, -372.0, -372.0, -371.0]"
"BIGGER","Training","0","-223","2","3","1","667","0.53","0.51","444","667","137.5","151.5","275","303","Control","undefined","yes","undefined","22","undefined","undefined","black","yes","psycho","I have read and understood the information shown above","psycho","psycho","0","uniform","0","BIGGER","undefined","0","0","0","2","2","0","2","2","2","2","2","0","0","0","2","2","0","0","2","Fri Dec  9 14:03:01 2022","A template containing a practice and an experimental phase","yes","experiment.osexp","C:\Users\lauri\Desktop\Local_Git\Laurits_Code\Experiments\PercAct - Exam","no","mono","no","42","no","white","no","Participate!","yes","Male","2000","440.62120001763105","440.62120001763105","psycho","2","2","C:/Users/lauri/Desktop/Local_Git/Laurits_Code/Experiments/PercAct - Exam/Data/subject-9365.csv","psycho","Lentiform Loewenfeld","3.3.12","testMonitor","yes","0","SMALLER","NA","space","SMALLER","1841.1018999759108","NA","27760.759299853817","1841.1018999759108","2","psycho","Yes","1024","2","48000","-16","experiment","9365","odd","87590.25449980982","87589.9034999311","99635.80759987235","101144.04749986716","11392.047999892384","100136.14659989253","102144.43949982524","103147.31619996019","100633.20339983329","102632.81119987369","NA","11391.782299848273","59826.40939997509","104992.90969991125","103147.53580000252","37153.602699982","NA","99624.3264998775","[103149.27869988605, 103159.8273999989, 103170.39619991556, 103180.85259990767, 103191.2972999271, 103201.68779999949, 103212.07649982534, 103222.48269990087, 103232.99029981717, 103243.40139981359, 103254.19809995219, 103265.00909985043, 103275.44999984093, 103285.85539991036, 103296.24879988842, 103306.77669984289, 103317.25039985031, 103327.9567998834, 103338.67839979939, 103349.12519995123, 103359.54759991728, 103369.97150001116, 103380.4080998525, 103390.87839983404, 103401.6409998294, 103412.0580998715, 103422.39319998771, 103432.77939991094, 103443.20649979636, 103453.59939988703, 103464.00849986821, 103474.41479982808, 103484.77380000986, 103495.19579997286, 103505.7524999138, 103516.23959979042, 103526.692799991, 103537.30069985613, 103547.88859980181, 103558.34300001152, 103568.77879984677, 103579.18119989336, 103589.89989990368, 103600.44769989327, 103610.8646998182, 103621.41899997368, 103632.390699815, 103643.13049986959, 103653.59659981914, 103664.0124998521, 103674.44329988211, 103685.42979983613, 103695.85729995742, 103706.21789991856, 103716.88129985705, 103727.30619995855, 103737.72470001131, 103748.18619992584, 103759.56579996273, 103773.12029991299, 103784.89889996126, 103795.44929997064, 103805.89509988204, 103816.47660001181, 103827.60259998031, 103837.94240001589, 103848.27600000426, 103858.78889984451, 103869.19040000066, 103879.58820001222, 103892.5583998207, 103902.95579982921, 103913.37869991548, 103928.81199996918, 103939.21469990164, 103949.64149990119, 103960.10189992376, 103970.92959983274, 103981.33629979566, 103995.93929992989, 104006.69999979436, 104017.62569998391, 104029.01129983366, 104043.3068999555, 104053.76129993238, 104064.23039990477, 104074.63779998943, 104085.59229993261, 104096.04509989731, 104106.78219981492, 104117.43119987659, 104128.07799992152, 104138.48139997572, 104140.2883999981, 104143.32509995438, 104143.66919989698, 104144.00919992477, 104144.29489988834, 104144.57089989446, 104144.8693999555, 104145.13859990984, 104145.40479984134, 104145.6920998171, 104145.96259989776, 104147.0555998385, 104147.44789991528, 104147.76989980601, 104148.1186999008, 104148.40079983696, 104149.38189997338, 104149.80060001835, 104150.12139989994, 104150.46519995667, 104150.90609993786, 104151.30289993249, 104151.58890001476, 104152.0386999473, 104152.33159996569, 104152.62389997952, 104152.98159979284, 104153.65709993057, 104154.03699991293, 104154.35319999233, 104154.6336999163, 104155.04339989275, 104155.33119998872, 104155.72689985856, 104156.01309994236, 104157.76179987006, 104158.74219988473, 104159.54619995318, 104159.95009988546, 104160.24919995107, 104160.5799999088, 104160.88179987855, 104161.15529998206, 104161.45159979351, 104161.7263997905, 104161.99189983308, 104162.25549997762, 104162.57229982875, 104162.83649997786, 104163.10429992154, 104163.3956998121, 104163.98669988848, 104164.35139998794, 104164.65199994855, 104164.9299999699, 104165.23389983922, 104165.50609981641, 104165.77219986357, 104166.06169985607, 104166.33199993521, 104166.594899958, 104166.87899990939, 104167.14519984089, 104167.40629984997, 104167.68620000221, 104167.9531999398, 104168.21339982562, 104168.57939981855, 104168.91020000912, 104169.17979996651, 104169.44630001672, 104169.73779979162, 104169.99959992245, 104170.26209994219, 104170.55119993165, 104170.82050000317, 104171.08269990422, 104171.36869998649, 104171.63240001537, 104171.89579992555, 104172.17819998041, 104172.44399990886, 104172.8236998897, 104173.4482999891, 104173.9346999675, 104174.3232998997, 104174.66389993206, 104174.9519999139, 104175.22699991241, 104175.5203998182, 104175.79399980605, 104176.06129986234, 104176.35059985332, 104176.64489988238, 104176.91189981997, 104177.18869983219, 104177.51369997859, 104177.80949990265, 104178.21449995972, 104178.52539988235, 104178.82369994186, 104179.14789984934, 104180.19369989634, 104180.57559989393, 104180.9849999845, 104181.28589983098, 104181.56369985081, 104181.873699883, 104182.14849987999, 104182.41799995303, 104182.7085998375, 104182.99499992281, 104183.26089996845, 104183.55889990926, 104183.86309989728, 104184.13199996576, 104184.41449990496, 104184.68309985474, 104184.96819981374, 104185.25019986555, 104185.52239984274, 104185.81079994328, 104186.08459993266, 104186.43409991637, 104186.71389995143, 104187.3294999823, 104187.6742998138, 104187.9689998459, 104188.31429979764, 104188.60479979776, 104188.87549987994, 104189.16739989072, 104189.4540998619, 104190.21759997122, 104190.68249990232, 104191.0048997961, 104191.28819997422, 104191.58559991047, 104191.85689999722, 104192.11929989979, 104192.40439985879, 104192.67109991051, 104192.93279992417, 104193.19249992259, 104193.47619987093, 104193.73649987392, 104194.00739995763, 104194.30899992585, 104194.57789999433, 104194.84159979038, 104195.12859988026, 104195.39129990153, 104195.65229979344, 104195.93539997004, 104196.2619998958, 104196.52969995514, 104196.81659992784, 104197.07859982736, 104197.3369999323, 104197.61629984714, 104197.87939987145, 104198.1369999703, 104198.39399983175, 104198.69469990954, 104198.95579991862, 104199.21369990334, 104199.49469994754, 104199.75699996576, 104200.01459983177, 104200.29479986988, 104200.55629988201, 104200.81519987434, 104201.09619991854, 104201.36469998397, 104201.62489986978, 104201.88329997472, 104202.17169984244, 104202.43459986523, 104202.69119995646, 104202.99399993382, 104203.26159987599, 104203.52079998702, 104203.81809980609, 104204.08129994757, 104204.33949981816, 104204.61759995669, 104204.88259987906, 104205.14139998704, 104205.39859985001, 104205.680700019, 104205.93669987284, 104206.37049991637, 104206.81479992345, 104207.43800001219, 104208.13509984873, 104208.47129984759, 104208.75759981573, 104209.45419999771, 104209.79599980637, 104210.13899985701, 104210.51659993827, 104210.81519988365, 104211.09349979088, 104211.63269993849, 104211.97319985367, 104212.26980001666, 104212.5438998919, 104212.83490001224, 104213.10059982352, 104213.36409985088, 104213.6493998114, 104213.98089989088, 104214.24649981782, 104214.53269990161, 104214.81999987736, 104215.08459979668, 104215.36479983479, 104215.63689992763, 104215.93439998105, 104216.19619987905, 104216.54739999212, 104216.81289980188, 104217.07539982162, 104217.39759994671, 104217.66349999234, 104217.92680001818, 104218.25019991957, 104218.52139988914, 104218.78469991498, 104219.09079980105, 104219.3791999016, 104219.64399982244, 104219.93319992907, 104220.19769996405, 104220.47739988193, 104220.7604998257, 104221.02649998851, 104221.30159987137, 104221.58599994145, 104221.85490000993, 104222.11449989118, 104222.42120001465, 104222.71709982306, 104223.91559998505, 104224.44799984805, 104224.87979987636, 104225.21009994671, 104225.49879993312, 104225.81420000643, 104226.08860000037, 104226.35759995319, 104226.72709985636, 104227.01229993254, 104227.34320000745, 104227.68789995462, 104227.99129993655, 104228.3178998623, 104228.88699988835, 104229.21409993432, 104229.62409979664, 104229.92559988052, 104230.20099988207, 104230.50149995834, 104230.77079979703, 104231.0373999644, 104231.3273998443, 104231.59309988841, 104231.8541998975, 104232.1418998763, 104232.42249991745, 104232.6864998322, 104232.98359988257, 104233.26159990393, 104233.52279979736, 104233.80839987658, 104234.0817998629, 104234.34629989788, 104234.60670001805, 104234.8962998949, 104235.15889979899, 104235.4193998035, 104235.70519988425, 104235.96709989943, 104236.2275000196, 104236.51389987208, 104236.78019992076, 104237.09599999711, 104237.42859996855, 104238.10059996322, 104238.71239996515, 104239.05589990318, 104239.38539996743, 104240.0596998632, 104240.64480001107, 104241.04140000418, 104241.39079987071, 104241.6766998358, 104241.98119994253, 104242.25699994713, 104242.55139986053, 104243.6603999231, 104244.00679999962, 104244.32329996489, 104244.60719991475, 104244.87679987215, 104245.21179986186, 104245.49259990454, 104245.75889995322, 104246.0481999442, 104246.31579988636, 104246.5764998924, 104246.86249997467, 104247.12789990008, 104247.38939991221, 104247.66719993204, 104247.93259985745, 104248.19059995934, 104248.45069996081, 104248.73319990002, 104248.99269989692, 104249.252300011, 104249.5688998606, 104249.83889982104, 104250.09889993817, 104250.3837000113, 104250.64659980126, 104250.90509979054, 104251.1825999245, 104251.44819985144, 104251.70359993353, 104251.96119979955, 104252.24589998834, 104252.5038998574, 104252.76009994559, 104253.04089998826, 104253.30119999126, 104253.55829996988, 104253.83859989233, 104254.09889989533, 104254.35539986938, 104254.63749980554, 104254.92420000955, 104255.18269999884, 104255.43929985724, 104255.72959985584, 104255.99099998362, 104257.01870000921, 104258.0535998568, 104258.41179979034, 104258.76659993082, 104259.06159984879, 104259.36549995095, 104259.68289980665, 104259.95689979754, 104260.25079982355, 104260.54889988154, 104260.81559993327, 104261.07829995453, 104261.38909999281, 104261.65419979952, 104262.77219993062, 104263.08869989589, 104263.37529998273, 104263.63699999638, 104263.86870001443, 104264.09189985134, 104264.35119984671, 104264.57429979928, 104264.79369984008, 104265.11129993014, 104265.48079983331, 104265.75469993986, 104266.02779980749, 104266.24939986505, 104266.55059983023, 104266.79269992746, 104267.04539987259, 104267.31069991365, 104267.5801999867, 104267.87789980881, 104268.16709991544, 104268.69850000367, 104269.04449984431, 104269.32749990374, 104269.56639997661, 104269.7945998516, 104270.11429984123, 104270.34299983643, 104270.56419989094, 104270.80429997295, 104271.05029998347, 104271.2695999071, 104271.50679985061, 104271.73059992492, 104271.96649997495, 104272.21019985154, 104272.45049993508, 104272.66969997436, 104284.6847998444, 104295.35389994271, 104305.76399993151, 104316.12789980136, 104326.55079988763, 104336.91459987313, 104347.34530001879, 104357.97979985364, 104368.35819995031, 104378.88159998693, 104389.2363999039, 104399.68639984727, 104410.10209987871, 104420.41349993087, 104430.71249988861, 104441.2509999238, 104451.66749996133, 104462.0871997904, 104472.40949980915, 104483.00109989941, 104493.39509988204, 104503.77239985391, 104514.16879985482, 104524.60549981333, 104534.97289982624, 104545.84399983287, 104556.65659997612, 104567.11860001087, 104577.67729996704, 104588.07449997403, 104598.49509992637, 104609.14659989066, 104619.54749980941, 104629.93979989551, 104640.50109987147, 104650.94439988025, 104661.92839993164, 104672.39649989642, 104683.04979987442, 104693.45779996365, 104703.83009989746, 104714.21279991046, 104724.60139985196, 104735.3169999551, 104745.77249982394, 104756.4750998281, 104767.4230998382, 104777.96689979732, 104788.33399992436, 104798.74329990707, 104815.41919987649, 104825.81349997781, 104836.20359981433, 104846.58909984864, 104857.03309997916, 104867.53419996239, 104878.05849988945, 104888.39769992046, 104898.87049980462, 104909.51989986934, 104919.87489978783, 104930.28119998053, 104940.75859989971, 104951.14669995382, 104961.54269995168, 104971.87009989284, 104982.25839994848, 104990.38059986196]","Extended template","0","0","0","yes","3000","[0, 0.0, 0.0, 0.0, 0.0, 0.0, 0.0, 0.0, 0.0, 0.0, 0.0, 0.0, 0.0, 0.0, 0.0, 0.0, 0.0, 0.0, 0.0, 0.0, 0.0, 0.0, 0.0, 0.0, 0.0, 0.0, 0.0, 0.0, 0.0, 0.0, 0.0, 0.0, 0.0, 0.0, 0.0, 0.0, 0.0, 0.0, 0.0, 0.0, 0.0, 0.0, 0.0, 0.0, 0.0, 0.0, -5.0, -7.0, -7.0, -24.0, -28.0, -28.0, -53.0, -66.0, -66.0, -105.0, -130.0, -130.0, -147.0, -180.0, -180.0, -225.0, -260.0, -260.0, -297.0, -318.0, -318.0, -356.0, -360.0, -369.0, -382.0, -401.0, -401.0, -417.0, -426.0, -426.0, -434.0, -442.0, -442.0, -453.0, -460.0, -460.0, -479.0, -490.0, -490.0, -510.0, -518.0, -518.0, -518.0, -518.0, -518.0, -518.0, -518.0, -518.0, -518.0, -518.0, -518.0, -518.0, -518.0, -518.0, -518.0, -518.0, -518.0, -518.0, -518.0, -518.0, -518.0, -518.0, -518.0, -518.0, -518.0, -518.0, -518.0, -518.0, -518.0, -518.0, -518.0, -518.0, -518.0, -518.0, -518.0, -518.0, -518.0, -518.0, -518.0, -518.0, -518.0, -518.0, -518.0, -518.0, -518.0, -518.0, -518.0, -518.0, -518.0, -518.0, -518.0, -518.0, -518.0, -518.0, -518.0, -518.0, -518.0, -518.0, -518.0, -518.0, -518.0, -518.0, -518.0, -518.0, -518.0, -518.0, -518.0, -518.0, -518.0, -518.0, -518.0, -518.0, -518.0, -518.0, -518.0, -518.0, -518.0, -518.0, -518.0, -518.0, -518.0, -518.0, -518.0, -518.0, -518.0, -518.0, -518.0, -518.0, -518.0, -518.0, -518.0, -518.0, -518.0, -518.0, -518.0, -518.0, -518.0, -518.0, -518.0, -518.0, -518.0, -518.0, -518.0, -518.0, -518.0, -518.0, -518.0, -518.0, -518.0, -518.0, -518.0, -518.0, -518.0, -518.0, -518.0, -518.0, -518.0, -518.0, -518.0, -518.0, -518.0, -518.0, -518.0, -518.0, -518.0, -518.0, -518.0, -518.0, -518.0, -518.0, -518.0, -518.0, -518.0, -518.0, -518.0, -518.0, -518.0, -518.0, -518.0, -518.0, -518.0, -518.0, -518.0, -518.0, -518.0, -518.0, -518.0, -518.0, -518.0, -518.0, -518.0, -518.0, -518.0, -518.0, -518.0, -518.0, -518.0, -518.0, -518.0, -518.0, -518.0, -518.0, -518.0, -518.0, -518.0, -518.0, -518.0, -518.0, -518.0, -518.0, -518.0, -518.0, -518.0, -518.0, -518.0, -518.0, -518.0, -518.0, -518.0, -518.0, -518.0, -518.0, -518.0, -518.0, -518.0, -518.0, -518.0, -518.0, -518.0, -518.0, -518.0, -518.0, -518.0, -518.0, -518.0, -518.0, -518.0, -518.0, -518.0, -518.0, -518.0, -518.0, -518.0, -518.0, -518.0, -518.0, -518.0, -518.0, -518.0, -518.0, -518.0, -518.0, -518.0, -518.0, -518.0, -518.0, -518.0, -518.0, -518.0, -518.0, -518.0, -518.0, -518.0, -518.0, -518.0, -518.0, -518.0, -518.0, -518.0, -518.0, -518.0, -518.0, -518.0, -518.0, -518.0, -518.0, -518.0, -518.0, -518.0, -518.0, -518.0, -518.0, -518.0, -518.0, -518.0, -518.0, -518.0, -518.0, -518.0, -518.0, -518.0, -518.0, -518.0, -518.0, -518.0, -518.0, -518.0, -518.0, -518.0, -518.0, -518.0, -518.0, -518.0, -518.0, -518.0, -518.0, -518.0, -518.0, -518.0, -518.0, -518.0, -518.0, -518.0, -518.0, -518.0, -518.0, -518.0, -518.0, -518.0, -518.0, -518.0, -518.0, -518.0, -518.0, -518.0, -518.0, -518.0, -518.0, -518.0, -518.0, -518.0, -518.0, -518.0, -518.0, -518.0, -518.0, -518.0, -518.0, -518.0, -518.0, -518.0, -518.0, -518.0, -518.0, -518.0, -518.0, -518.0, -518.0, -518.0, -518.0, -518.0, -518.0, -518.0, -518.0, -518.0, -518.0, -518.0, -518.0, -518.0, -518.0, -518.0, -518.0, -518.0, -518.0, -518.0, -518.0, -518.0, -518.0, -518.0, -518.0, -518.0, -518.0, -518.0, -518.0, -518.0, -518.0, -518.0, -518.0, -518.0, -518.0, -518.0, -518.0, -518.0, -518.0, -518.0, -518.0, -518.0, -518.0, -518.0, -518.0, -518.0, -518.0, -518.0, -518.0, -518.0, -518.0, -518.0, -518.0, -518.0, -518.0, -518.0, -518.0, -518.0, -518.0, -518.0, -518.0, -518.0, -518.0, -518.0, -518.0, -518.0, -518.0, -518.0, -518.0, -518.0, -518.0, -518.0, -518.0, -518.0, -518.0, -518.0, -518.0, -518.0, -518.0, -518.0, -518.0, -518.0, -518.0, -518.0, -518.0, -518.0, -518.0, -518.0, -518.0, -518.0, -518.0, -518.0, -518.0, -518.0, -518.0, -518.0, -518.0, -518.0, -518.0, -518.0, -518.0, -518.0, -518.0, -518.0, -518.0, -518.0, -518.0, -518.0, -518.0, -518.0, -518.0, -518.0, -518.0, -518.0, -518.0, -518.0, -518.0, -518.0, -518.0, -518.0, -518.0, -518.0, -518.0, -518.0, -518.0, -518.0, -518.0, -518.0, -518.0, -518.0, -518.0, -518.0, -518.0, -518.0, -518.0, -518.0, -518.0, -518.0, -518.0, -518.0, -518.0, -518.0, -518.0, -518.0, -519.0, -519.0, -519.0, -520.0, -520.0, -520.0, -521.0, -521.0, -521.0, -521.0, -522.0, -522.0, -522.0, -522.0, -522.0, -522.0, -522.0, -522.0, -522.0, -522.0, -522.0, -522.0, -522.0, -522.0]","[356, 356.0, 356.0, 356.0, 356.0, 356.0, 356.0, 356.0, 356.0, 356.0, 356.0, 356.0, 356.0, 356.0, 356.0, 356.0, 356.0, 356.0, 356.0, 356.0, 356.0, 356.0, 356.0, 356.0, 356.0, 356.0, 356.0, 356.0, 356.0, 356.0, 356.0, 356.0, 356.0, 356.0, 356.0, 356.0, 356.0, 356.0, 356.0, 356.0, 356.0, 356.0, 356.0, 355.0, 352.0, 352.0, 342.0, 338.0, 338.0, 300.0, 291.0, 291.0, 241.0, 218.0, 218.0, 149.0, 104.0, 104.0, 73.0, 14.0, 14.0, -61.0, -112.0, -112.0, -162.0, -194.0, -194.0, -245.0, -251.0, -266.0, -284.0, -306.0, -306.0, -323.0, -330.0, -330.0, -338.0, -344.0, -344.0, -351.0, -356.0, -356.0, -369.0, -377.0, -377.0, -393.0, -400.0, -400.0, -401.0, -401.0, -401.0, -401.0, -401.0, -401.0, -401.0, -401.0, -401.0, -401.0, -401.0, -401.0, -401.0, -401.0, -401.0, -401.0, -401.0, -401.0, -401.0, -401.0, -401.0, -401.0, -401.0, -401.0, -401.0, -401.0, -401.0, -401.0, -401.0, -401.0, -401.0, -401.0, -401.0, -401.0, -401.0, -401.0, -401.0, -401.0, -401.0, -401.0, -401.0, -401.0, -401.0, -401.0, -401.0, -401.0, -401.0, -401.0, -401.0, -401.0, -401.0, -401.0, -401.0, -401.0, -401.0, -401.0, -401.0, -401.0, -401.0, -401.0, -401.0, -401.0, -401.0, -401.0, -401.0, -401.0, -401.0, -401.0, -401.0, -401.0, -401.0, -401.0, -401.0, -401.0, -401.0, -401.0, -401.0, -401.0, -401.0, -401.0, -401.0, -401.0, -401.0, -401.0, -401.0, -401.0, -401.0, -401.0, -401.0, -401.0, -401.0, -401.0, -401.0, -401.0, -401.0, -401.0, -401.0, -401.0, -401.0, -401.0, -401.0, -401.0, -401.0, -401.0, -401.0, -401.0, -401.0, -401.0, -401.0, -401.0, -401.0, -401.0, -401.0, -401.0, -401.0, -401.0, -401.0, -401.0, -401.0, -401.0, -401.0, -401.0, -401.0, -401.0, -401.0, -401.0, -401.0, -401.0, -401.0, -401.0, -401.0, -401.0, -401.0, -401.0, -401.0, -401.0, -401.0, -401.0, -401.0, -401.0, -401.0, -401.0, -401.0, -401.0, -401.0, -401.0, -401.0, -401.0, -401.0, -401.0, -401.0, -401.0, -401.0, -401.0, -401.0, -401.0, -401.0, -401.0, -401.0, -401.0, -401.0, -401.0, -401.0, -401.0, -401.0, -401.0, -401.0, -401.0, -401.0, -401.0, -401.0, -401.0, -401.0, -401.0, -401.0, -401.0, -401.0, -401.0, -401.0, -401.0, -401.0, -401.0, -401.0, -401.0, -401.0, -401.0, -401.0, -401.0, -401.0, -401.0, -401.0, -401.0, -401.0, -401.0, -401.0, -401.0, -401.0, -401.0, -401.0, -401.0, -401.0, -401.0, -401.0, -401.0, -401.0, -401.0, -401.0, -401.0, -401.0, -401.0, -401.0, -401.0, -401.0, -401.0, -401.0, -401.0, -401.0, -401.0, -401.0, -401.0, -401.0, -401.0, -401.0, -401.0, -401.0, -401.0, -401.0, -401.0, -401.0, -401.0, -401.0, -401.0, -401.0, -401.0, -401.0, -401.0, -401.0, -401.0, -401.0, -401.0, -401.0, -401.0, -401.0, -401.0, -401.0, -401.0, -401.0, -401.0, -401.0, -401.0, -401.0, -401.0, -401.0, -401.0, -401.0, -401.0, -401.0, -401.0, -401.0, -401.0, -401.0, -401.0, -401.0, -401.0, -401.0, -401.0, -401.0, -401.0, -401.0, -401.0, -401.0, -401.0, -401.0, -401.0, -401.0, -401.0, -401.0, -401.0, -401.0, -401.0, -401.0, -401.0, -401.0, -401.0, -401.0, -401.0, -401.0, -401.0, -401.0, -401.0, -401.0, -401.0, -401.0, -401.0, -401.0, -401.0, -401.0, -401.0, -401.0, -401.0, -401.0, -401.0, -401.0, -401.0, -401.0, -401.0, -401.0, -401.0, -401.0, -401.0, -401.0, -401.0, -401.0, -401.0, -401.0, -401.0, -401.0, -401.0, -401.0, -401.0, -401.0, -401.0, -401.0, -401.0, -401.0, -401.0, -401.0, -401.0, -401.0, -401.0, -401.0, -401.0, -401.0, -401.0, -401.0, -401.0, -401.0, -401.0, -401.0, -401.0, -401.0, -401.0, -401.0, -401.0, -401.0, -401.0, -401.0, -401.0, -401.0, -401.0, -401.0, -401.0, -401.0, -401.0, -401.0, -401.0, -401.0, -401.0, -401.0, -401.0, -401.0, -401.0, -401.0, -401.0, -401.0, -401.0, -401.0, -401.0, -401.0, -401.0, -401.0, -401.0, -401.0, -401.0, -401.0, -401.0, -401.0, -401.0, -401.0, -401.0, -401.0, -401.0, -401.0, -401.0, -401.0, -401.0, -401.0, -401.0, -401.0, -401.0, -401.0, -401.0, -401.0, -401.0, -401.0, -401.0, -401.0, -401.0, -401.0, -401.0, -401.0, -401.0, -401.0, -401.0, -401.0, -401.0, -401.0, -401.0, -401.0, -401.0, -401.0, -401.0, -401.0, -401.0, -401.0, -401.0, -401.0, -401.0, -401.0, -401.0, -401.0, -401.0, -401.0, -401.0, -401.0, -401.0, -401.0, -401.0, -401.0, -401.0, -401.0, -401.0, -401.0, -401.0, -401.0, -401.0, -401.0, -401.0, -401.0, -401.0, -401.0, -401.0, -401.0, -401.0, -401.0, -401.0, -401.0, -399.0, -397.0, -397.0, -392.0, -389.0, -389.0, -380.0, -377.0, -377.0, -371.0, -368.0, -368.0, -365.0, -365.0, -365.0, -365.0, -365.0, -365.0, -365.0, -365.0, -365.0, -365.0, -365.0, -365.0]"
"SMALLER","Training","0","500","5","4","-1","1000","0.53","0.5","1500","1000","183","167","366","333","Control","undefined","yes","undefined","22","undefined","undefined","black","yes","psycho","I have read and understood the information shown above","psycho","psycho","0","uniform","1","SMALLER","undefined","1","0","0","3","3","0","3","3","3","3","3","0","0","0","3","3","0","0","3","Fri Dec  9 14:03:01 2022","A template containing a practice and an experimental phase","yes","experiment.osexp","C:\Users\lauri\Desktop\Local_Git\Laurits_Code\Experiments\PercAct - Exam","no","mono","no","42","no","white","no","Participate!","yes","Male","2000","241.9295001309365","241.9295001309365","psycho","3","3","C:/Users/lauri/Desktop/Local_Git/Laurits_Code/Experiments/PercAct - Exam/Data/subject-9365.csv","psycho","Lentiform Loewenfeld","3.3.12","testMonitor","yes","0","SMALLER","NA","space","SMALLER","1014.9115000385791","NA","27760.759299853817","1014.9115000385791","2","psycho","Yes","1024","2","48000","-16","experiment","9365","odd","87590.25449980982","87589.9034999311","105304.24589989707","106820.90359996073","11392.047999892384","105804.30649989285","107821.16149994545","108854.78729987517","106312.32519983314","108327.93859997764","NA","11391.782299848273","59826.40939997509","109877.35460000113","108855.62309995294","37153.602699982","NA","105294.48179993778","[108858.94289985299, 108871.62419990636, 108882.41899991408, 108893.50809995085, 108904.40819994546, 108915.46369995922, 108926.8396999687, 108938.81569989026, 108950.09619998746, 108961.22900000773, 108972.16669982299, 108983.07909979485, 108993.83970000781, 109004.35219984502, 109014.85089980997, 109025.37369984202, 109035.89429985732, 109046.80759995244, 109057.97189986333, 109068.7062998768, 109079.18729982339, 109089.94410000741, 109100.87239998393, 109111.35979997925, 109121.81729986332, 109132.29619991034, 109142.8036999423, 109154.13169981912, 109164.91759987548, 109177.47359978966, 109188.26689990237, 109198.77529982477, 109209.28029995412, 109219.76769994944, 109230.64680001698, 109241.81639985181, 109252.35859979875, 109262.94849999249, 109274.11309978925, 109285.3680998087, 109295.9178998135, 109306.98270001449, 109318.49509989843, 109329.04849993065, 109340.07179993205, 109352.32739988714, 109362.78809979558, 109373.57789999805, 109384.09850001335, 109394.60419979878, 109405.16959992237, 109416.79949988611, 109427.50599980354, 109438.14929993823, 109448.63629993051, 109459.13350000046, 109469.56009999849, 109480.08130001836, 109490.91829988174, 109501.60650000907, 109512.11839984171, 109522.58150000125, 109533.05339999497, 109544.02929986827, 109554.44639991038, 109565.87930000387, 109576.94979989901, 109587.5115999952, 109598.04179985076, 109609.42299989983, 109620.01789989881, 109630.50129986368, 109640.95799997449, 109651.90149983391, 109662.34249994159, 109673.23439987376, 109684.90140000358, 109695.34399989061, 109705.83339990117, 109716.7085998226, 109727.49459999613, 109737.96479986049, 109748.43699997291, 109759.06269997358, 109769.46589979343, 109779.94899987243, 109790.95059982501, 109801.40309990384, 109811.84909981675, 109822.73909985088, 109835.35079983994, 109845.87029996328, 109856.50969995186, 109867.42769996636, 109873.85439989157]","Extended template","0","0","0","yes","3000","[0, 0.0, 0.0, 0.0, 0.0, 0.0, 0.0, 0.0, 0.0, 0.0, 0.0, 0.0, 0.0, 0.0, 0.0, 0.0, 0.0, 0.0, 0.0, 0.0, 0.0, 0.0, 0.0, 0.0, 0.0, 0.0, 0.0, 0.0, 0.0, -2.0, -4.0, -4.0, -8.0, -9.0, -11.0, -18.0, -30.0, -30.0, -30.0, -59.0, -67.0, -67.0, -115.0, -139.0, -139.0, -268.0, -281.0, -281.0, -375.0, -397.0, -397.0, -462.0, -462.0, -462.0, -494.0, -495.0, -495.0, -500.0, -503.0, -503.0, -518.0, -534.0, -534.0, -562.0, -571.0, -571.0, -589.0, -593.0, -595.0, -596.0, -596.0, -596.0, -596.0, -596.0, -596.0, -596.0, -596.0, -596.0, -596.0, -596.0, -596.0, -596.0, -596.0, -596.0, -596.0, -596.0, -596.0, -596.0, -596.0, -596.0, -596.0, -596.0, -596.0, -596.0, -596.0]","[356, 356.0, 356.0, 356.0, 356.0, 356.0, 356.0, 356.0, 356.0, 356.0, 356.0, 356.0, 356.0, 356.0, 356.0, 356.0, 356.0, 356.0, 356.0, 356.0, 356.0, 356.0, 356.0, 355.0, 353.0, 353.0, 351.0, 349.0, 349.0, 343.0, 339.0, 339.0, 330.0, 327.0, 322.0, 310.0, 293.0, 293.0, 293.0, 249.0, 238.0, 238.0, 164.0, 129.0, 129.0, -56.0, -75.0, -75.0, -196.0, -222.0, -222.0, -289.0, -289.0, -289.0, -316.0, -317.0, -317.0, -321.0, -323.0, -323.0, -338.0, -353.0, -353.0, -376.0, -383.0, -383.0, -395.0, -398.0, -400.0, -401.0, -401.0, -401.0, -401.0, -401.0, -401.0, -401.0, -401.0, -401.0, -401.0, -401.0, -401.0, -401.0, -398.0, -397.0, -397.0, -394.0, -393.0, -393.0, -391.0, -391.0, -391.0, -391.0, -391.0, -391.0, -391.0]"
"SMALLER","Dataset","1","-148","5","1","-1","296","0.53","0.54","444","592","137.5","125","275","250","Incongurent","undefined","yes","undefined","22","undefined","undefined","black","yes","psycho","I have read and understood the information shown above","psycho","psycho","0","uniform","1","SMALLER","undefined","1","0","0","4","4","0","4","4","4","4","4","0","0","0","4","4","0","0","4","Fri Dec  9 14:03:01 2022","A template containing a practice and an experimental phase","yes","experiment.osexp","C:\Users\lauri\Desktop\Local_Git\Laurits_Code\Experiments\PercAct - Exam","no","mono","no","42","no","white","no","Participate!","yes","Male","2000","282.1446000598371","282.1446000598371","psycho","4","4","C:/Users/lauri/Desktop/Local_Git/Laurits_Code/Experiments/PercAct - Exam/Data/subject-9365.csv","psycho","Lentiform Loewenfeld","3.3.12","testMonitor","yes","0","SMALLER","NA","space","SMALLER","982.7896000351757","NA","27760.759299853817","982.7896000351757","2","psycho","Yes","1024","2","48000","-16","experiment","9365","odd","87590.25449980982","87589.9034999311","110185.44419994578","111692.67759984359","11392.047999892384","110686.09540001489","112692.5383999478","113736.44269979559","111183.16929996945","113210.46420000494","NA","11391.782299848273","59826.40939997509","114731.2194998376","113737.43849992752","37153.602699982","NA","110174.56669989042","[113740.98359979689, 113753.54119995609, 113764.97099990956, 113776.66829992086, 113787.82309987582, 113798.96879987791, 113812.96109990217, 113824.8253997881, 113835.50109993666, 113846.23169992119, 113858.39829989709, 113870.159199927, 113880.87699981406, 113891.81089983322, 113902.5594999548, 113913.34779979661, 113924.3863997981, 113935.12719986029, 113946.24109985307, 113957.37049984746, 113968.50019996054, 113979.37939991243, 113990.824499866, 114001.64759997278, 114012.40999996662, 114023.12819985673, 114033.95159984939, 114045.08489998989, 114056.40949984081, 114067.73229991086, 114082.23709999584, 114097.24219981581, 114109.02499989606, 114120.91529997997, 114131.81419996545, 114142.72719994187, 114153.43029983342, 114164.10889988765, 114174.84469991177, 114185.8496000059, 114197.25440000184, 114209.54459998757, 114220.32049996778, 114235.67909980193, 114247.86009988748, 114263.05579999462, 114275.02119983546, 114287.02679998241, 114298.63209999166, 114309.420599835, 114320.54619980045, 114332.0153998211, 114342.84159983508, 114356.64259991609, 114384.87760000862, 114396.1549999658, 114407.09649981, 114418.69459999725, 114429.48839999735, 114442.12579983287, 114453.00549990498, 114464.6369998809, 114475.47749988735, 114486.45219998434, 114497.17219988815, 114509.2382999137, 114519.88709997386, 114530.9152000118, 114541.77419980988, 114553.83799993433, 114564.585799817, 114577.3412999697, 114588.06879981421, 114599.63119984604, 114610.33649998717, 114620.98769983277, 114632.52169988118, 114670.02189997584, 114681.53149983846, 114694.21330001205, 114705.15009993687, 114715.96989990212, 114723.77319983207]","Extended template","0","0","0","yes","3000","[0, 0.0, 0.0, 0.0, 0.0, 0.0, 0.0, 0.0, 0.0, 0.0, 0.0, 0.0, 0.0, 0.0, 0.0, 0.0, 0.0, 0.0, 0.0, 0.0, 0.0, 0.0, 0.0, 0.0, 0.0, 0.0, 0.0, 1.0, 1.0, 1.0, 1.0, 1.0, 1.0, 1.0, 1.0, 1.0, 1.0, 1.0, 1.0, 1.0, 1.0, 1.0, 1.0, -1.0, -3.0, -11.0, -18.0, -18.0, -40.0, -62.0, -62.0, -119.0, -133.0, -133.0, -194.0, -236.0, -256.0, -256.0, -283.0, -288.0, -288.0, -317.0, -336.0, -336.0, -362.0, -367.0, -367.0, -398.0, -416.0, -416.0, -431.0, -434.0, -434.0, -448.0, -450.0, -450.0, -458.0, -471.0, -471.0, -479.0, -482.0, -482.0, -484.0]","[356, 356.0, 356.0, 356.0, 356.0, 356.0, 356.0, 356.0, 356.0, 356.0, 356.0, 356.0, 356.0, 356.0, 356.0, 356.0, 356.0, 356.0, 356.0, 356.0, 356.0, 356.0, 356.0, 356.0, 356.0, 356.0, 358.0, 358.0, 358.0, 359.0, 359.0, 359.0, 359.0, 359.0, 359.0, 359.0, 359.0, 359.0, 359.0, 359.0, 359.0, 356.0, 356.0, 333.0, 325.0, 303.0, 288.0, 288.0, 245.0, 206.0, 206.0, 110.0, 88.0, 88.0, 9.0, -39.0, -61.0, -61.0, -93.0, -97.0, -97.0, -129.0, -148.0, -148.0, -173.0, -177.0, -177.0, -208.0, -226.0, -226.0, -241.0, -244.0, -244.0, -258.0, -260.0, -260.0, -271.0, -289.0, -289.0, -299.0, -302.0, -302.0, -303.0]"
"BIGGER","Dataset","1","333","6","4","1","1000","0.48","0.5","667","334","151.5","166.5","303","333","Incongurent","undefined","yes","undefined","22","undefined","undefined","black","yes","psycho","I have read and understood the information shown above","psycho","psycho","0","uniform","1","BIGGER","undefined","1","0","0","5","5","0","5","5","5","5","5","0","0","0","5","5","0","0","5","Fri Dec  9 14:03:01 2022","A template containing a practice and an experimental phase","yes","experiment.osexp","C:\Users\lauri\Desktop\Local_Git\Laurits_Code\Experiments\PercAct - Exam","no","mono","no","42","no","white","no","Participate!","yes","Male","2000","288.8799000065774","288.8799000065774","psycho","5","5","C:/Users/lauri/Desktop/Local_Git/Laurits_Code/Experiments/PercAct - Exam/Data/subject-9365.csv","psycho","Lentiform Loewenfeld","3.3.12","testMonitor","yes","0","BIGGER","NA","space","BIGGER","891.8117000721395","NA","27760.759299853817","891.8117000721395","2","psycho","Yes","1024","2","48000","-16","experiment","9365","odd","87590.25449980982","87589.9034999311","115018.21209979244","116524.176399922","11392.047999892384","115518.90019979328","117524.83219979331","118563.10969986953","116017.7017999813","118035.80760001205","NA","11391.782299848273","59826.40939997509","119502.95319990255","118563.91609995626","37153.602699982","NA","115005.94299985096","[118566.87889993191, 118578.26450001448, 118589.15619994514, 118600.31759995036, 118611.0439999029, 118623.1619999744, 118636.32759987377, 118647.50029984862, 118658.38959999382, 118669.27099996246, 118679.9417999573, 118690.71889994666, 118701.51259982958, 118712.81609986909, 118723.92619983293, 118735.22039991803, 118746.1386998184, 118757.12929992005, 118768.40860000812, 118779.4817998074, 118791.17799992673, 118801.864199806, 118812.53399979323, 118823.67519987747, 118834.46909999475, 118845.15700000338, 118855.75879993849, 118866.65779980831, 118877.41239997558, 118890.17199981026, 118923.86059998535, 118935.5863998644, 118946.56929979101, 118958.4170000162, 118969.17900000699, 118979.9597999081, 118990.79179996625, 119002.28599994443, 119013.54439998977, 119026.72139997594, 119037.40449994802, 119048.80220000632, 119066.08329992741, 119077.19859993085, 119087.8527997993, 119099.40019994974, 119110.48519983888, 119121.28859991208, 119131.9702998735, 119142.8486998193, 119154.8538999632, 119166.19699983858, 119180.73179991916, 119214.59559979849, 119228.5380999092, 119239.61709998548, 119251.56969996169, 119262.39049993455, 119273.13029998913, 119284.2495997902, 119297.80429997481, 119309.75099978969, 119320.52659988403, 119331.93399989977, 119342.64809987508, 119353.63079980016, 119364.54959982075, 119375.65799988806, 119386.36519992724, 119397.09539990872, 119408.23249984533, 119418.89189998619, 119430.35379983485, 119441.09979993664, 119452.94289989397, 119458.69060000405]","Extended template","0","0","0","yes","3000","[0, 0.0, 0.0, 0.0, 0.0, 0.0, 0.0, 0.0, 0.0, 0.0, 0.0, 0.0, 0.0, 0.0, 0.0, 0.0, 0.0, 0.0, 0.0, 0.0, 0.0, 0.0, 0.0, 0.0, 0.0, 0.0, 0.0, 5.0, 5.0, 5.0, 32.0, 100.0, 100.0, 100.0, 161.0, 170.0, 170.0, 218.0, 218.0, 240.0, 249.0, 256.0, 278.0, 287.0, 287.0, 327.0, 343.0, 343.0, 378.0, 382.0, 382.0, 443.0, 443.0, 513.0, 532.0, 537.0, 537.0, 551.0, 558.0, 558.0, 570.0, 572.0, 572.0, 574.0, 574.0, 574.0, 574.0, 572.0, 572.0, 568.0, 564.0, 564.0, 553.0, 553.0, 553.0, 549.0]","[356, 356.0, 356.0, 356.0, 356.0, 356.0, 356.0, 356.0, 356.0, 356.0, 356.0, 356.0, 356.0, 356.0, 356.0, 356.0, 356.0, 356.0, 356.0, 356.0, 356.0, 356.0, 356.0, 356.0, 356.0, 356.0, 356.0, 356.0, 356.0, 356.0, 360.0, 367.0, 367.0, 367.0, 365.0, 364.0, 364.0, 343.0, 343.0, 326.0, 319.0, 312.0, 286.0, 276.0, 276.0, 232.0, 212.0, 212.0, 168.0, 161.0, 161.0, 62.0, 62.0, -32.0, -71.0, -89.0, -89.0, -122.0, -141.0, -141.0, -176.0, -192.0, -192.0, -227.0, -238.0, -238.0, -256.0, -264.0, -264.0, -278.0, -286.0, -286.0, -297.0, -298.0, -298.0, -302.0]"
"SMALLER","Dataset","1","-750","6","5","-1","1500","0.48","0.53","2250","750","201.5","183","403","366","Congurent","undefined","yes","undefined","22","undefined","undefined","black","yes","psycho","I have read and understood the information shown above","psycho","psycho","0","uniform","1","SMALLER","undefined","1","0","0","6","6","0","6","6","6","6","6","0","0","0","6","6","0","0","6","Fri Dec  9 14:03:01 2022","A template containing a practice and an experimental phase","yes","experiment.osexp","C:\Users\lauri\Desktop\Local_Git\Laurits_Code\Experiments\PercAct - Exam","no","mono","no","42","no","white","no","Participate!","yes","Male","2000","436.7468000855297","436.7468000855297","psycho","6","6","C:/Users/lauri/Desktop/Local_Git/Laurits_Code/Experiments/PercAct - Exam/Data/subject-9365.csv","psycho","Lentiform Loewenfeld","3.3.12","testMonitor","yes","0","SMALLER","NA","space","SMALLER","1374.6428000740707","NA","27760.759299853817","1374.6428000740707","2","psycho","Yes","1024","2","48000","-16","experiment","9365","odd","87590.25449980982","87589.9034999311","119842.41239982657","121358.18329988979","11392.047999892384","120344.65899993666","122359.03529985808","123412.83759986982","120850.0615998637","122889.38710000366","NA","11391.782299848273","59826.40939997509","124795.58849986643","123413.63979992457","37153.602699982","NA","119830.86259989068","[123416.50799987838, 123427.75179981254, 123438.33739985712, 123449.05009982176, 123459.79519980028, 123470.58149985969, 123481.31329985335, 123492.09790001623, 123502.86150001921, 123513.52759986185, 123527.68399985507, 123543.56289980933, 123555.72299985215, 123566.56999979168, 123577.30719982646, 123588.06569990702, 123599.68579979613, 123610.39999988861, 123621.07270001434, 123631.73209992237, 123643.11649999581, 123653.98249984719, 123664.66459981166, 123675.42409989983, 123686.61679979414, 123697.30949983932, 123708.4570999723, 123719.35759996995, 123731.00129980594, 123741.75409995951, 123753.10149998404, 123763.84099991992, 123774.73389985971, 123785.37589986809, 123796.0802000016, 123808.38589998893, 123819.4027999416, 123830.22119989619, 123842.05279988237, 123853.2547999639, 123864.26649987698, 123875.26110000908, 123886.79429981858, 123897.93440001085, 123912.61180001311, 123923.36030001752, 123934.26889996044, 123945.06169995293, 123955.97009989433, 123966.89519984648, 123977.9300999362, 123988.75359981321, 123999.55670000054, 124010.82389988005, 124022.13549986482, 124033.03239983507, 124045.1093998272, 124057.05409985967, 124090.51599982195, 124101.91569989547, 124112.9735999275, 124124.6162999887, 124135.96059987321, 124146.78839989938, 124163.36019989103, 124174.43869984709, 124185.78129983507, 124196.56149996445, 124209.08689987846, 124219.8554999195, 124230.54569982924, 124241.50120001286, 124252.77329981327, 124263.60679999925, 124276.24369994737, 124287.0187999215, 124297.8122998029, 124309.21839992516, 124320.69700001739, 124331.4637998119, 124346.1348998826, 124376.57829979435, 124388.02999979816, 124399.13669996895, 124410.39619990624, 124421.1921999231, 124432.84299992956, 124443.55749990791, 124454.50989995152, 124465.30799986795, 124476.94799979217, 124487.71109990776, 124498.65149985999, 124509.54999984242, 124520.227199886, 124530.92899988405, 124542.50189987943, 124553.12249995768, 124563.82249994203, 124578.85059993714, 124591.21179999784, 124602.59589995258, 124613.48509998061, 124628.07410000823, 124666.42929986119, 124677.09129978903, 124687.73559993133, 124698.9956998732, 124709.8119999282, 124720.62329994515, 124731.56979982741, 124742.28649982251, 124752.94969999231, 124763.6580998078, 124774.7209998779, 124786.0975000076, 124791.15079995245]","Extended template","0","0","0","yes","3000","[0, 0.0, 0.0, 0.0, 0.0, 0.0, 0.0, 0.0, 0.0, 0.0, 0.0, 0.0, 0.0, 0.0, 0.0, 0.0, 0.0, 0.0, 0.0, 0.0, 0.0, 0.0, 0.0, 0.0, 0.0, 0.0, 0.0, 0.0, 0.0, 0.0, 0.0, 0.0, 0.0, 0.0, 0.0, 0.0, 0.0, 0.0, 0.0, 0.0, 1.0, 2.0, 2.0, 4.0, 6.0, 6.0, 11.0, 13.0, 13.0, 22.0, 24.0, 24.0, 40.0, 45.0, 45.0, 60.0, 65.0, 65.0, 81.0, 90.0, 90.0, 90.0, 98.0, 99.0, 101.0, 103.0, 103.0, 104.0, 104.0, 104.0, 98.0, 93.0, 93.0, 75.0, 62.0, 62.0, 32.0, 21.0, 21.0, -10.0, -23.0, -73.0, -73.0, -106.0, -119.0, -119.0, -156.0, -179.0, -179.0, -231.0, -245.0, -245.0, -278.0, -296.0, -296.0, -311.0, -314.0, -314.0, -315.0, -317.0, -317.0, -324.0, -325.0, -325.0, -368.0, -376.0, -376.0, -390.0, -392.0, -392.0, -399.0, -401.0, -401.0, -402.0, -402.0, -402.0, -402.0]","[356, 356.0, 356.0, 356.0, 356.0, 356.0, 356.0, 356.0, 356.0, 356.0, 356.0, 356.0, 356.0, 356.0, 356.0, 356.0, 356.0, 356.0, 356.0, 356.0, 356.0, 356.0, 356.0, 356.0, 356.0, 356.0, 356.0, 356.0, 356.0, 356.0, 356.0, 356.0, 356.0, 356.0, 356.0, 356.0, 356.0, 356.0, 356.0, 356.0, 353.0, 352.0, 352.0, 349.0, 346.0, 346.0, 340.0, 338.0, 338.0, 326.0, 323.0, 323.0, 303.0, 299.0, 299.0, 286.0, 282.0, 282.0, 265.0, 248.0, 246.0, 246.0, 226.0, 223.0, 215.0, 208.0, 208.0, 197.0, 189.0, 189.0, 171.0, 164.0, 164.0, 139.0, 123.0, 123.0, 80.0, 64.0, 64.0, 14.0, -8.0, -102.0, -102.0, -167.0, -187.0, -187.0, -234.0, -256.0, -256.0, -304.0, -314.0, -314.0, -335.0, -344.0, -344.0, -348.0, -348.0, -348.0, -348.0, -346.0, -346.0, -341.0, -340.0, -340.0, -325.0, -323.0, -323.0, -320.0, -319.0, -319.0, -318.0, -318.0, -318.0, -318.0, -318.0, -318.0, -318.0]"
"BIGGER","Dataset","1","1125","4","7","1","3375","0.5","0.47","2250","1125","201.5","221.5","403","443","Incongurent","undefined","yes","undefined","22","undefined","undefined","black","yes","psycho","I have read and understood the information shown above","psycho","psycho","0","uniform","1","BIGGER","undefined","1","0","0","7","7","0","7","7","7","7","7","0","0","0","7","7","0","0","7","Fri Dec  9 14:03:01 2022","A template containing a practice and an experimental phase","yes","experiment.osexp","C:\Users\lauri\Desktop\Local_Git\Laurits_Code\Experiments\PercAct - Exam","no","mono","no","42","no","white","no","Participate!","yes","Male","2000","359.4533000141382","359.4533000141382","psycho","7","7","C:/Users/lauri/Desktop/Local_Git/Laurits_Code/Experiments/PercAct - Exam/Data/subject-9365.csv","psycho","Lentiform Loewenfeld","3.3.12","testMonitor","yes","0","BIGGER","NA","space","BIGGER","1104.8065000213683","NA","27760.759299853817","1104.8065000213683","2","psycho","Yes","1024","2","48000","-16","experiment","9365","odd","87590.25449980982","87589.9034999311","125125.08259993047","126655.52519983612","11392.047999892384","125626.22719979845","127654.82870000415","128672.26899997331","126147.3142998293","128159.72389979288","NA","11391.782299848273","59826.40939997509","129782.20419981517","128672.46509995311","37153.602699982","NA","125113.83339995518","[128674.41829992458, 128685.3742999956, 128695.77130000107, 128706.14469982684, 128716.81459993124, 128727.74109989405, 128738.14049991779, 128748.5968999099, 128759.14239999838, 128769.70970002003, 128780.3210997954, 128790.83869978786, 128801.23939993791, 128811.63529981859, 128822.0427997876, 128832.71229988895, 128843.13519997522, 128853.47329988144, 128863.86779998429, 128875.13629999012, 128885.81779995002, 128896.54639991932, 128907.64049999416, 128918.12529996969, 128928.55109996162, 128938.90900001861, 128949.32379992679, 128959.75049980916, 128970.13919986784, 128980.57289980352, 128991.1320998799, 129002.04109982587, 129012.53169984557, 129023.07969983667, 129033.87159993872, 129044.50730001554, 129054.78769983165, 129065.12689986266, 129075.93719987199, 129086.31789986975, 129096.74780000933, 129109.23359985463, 129119.59519982338, 129129.96479985304, 129140.70069999434, 129152.29469980113, 129164.83009979129, 129178.22479992174, 129188.77289979719, 129199.34819987975, 129210.74879984371, 129221.31679998711, 129231.89129983075, 129251.38289993629, 129262.27719988674, 129272.8105999995, 129284.42329983227, 129295.25139997713, 129306.19749985635, 129316.87979982235, 129327.56719994359, 129338.58239999972, 129349.16159999557, 129359.713899903, 129370.37629983388, 129381.9724000059, 129392.58360001259, 129403.16369989887, 129413.73659996316, 129433.61399997957, 129446.33079995401, 129458.84540001862, 129469.55609996803, 129482.26689989679, 129492.8144000005, 129503.31659987569, 129513.85659980588, 129524.68539983965, 129535.1895999629, 129545.9233999718, 129557.44070000947, 129568.66339989938, 129580.21559985355, 129592.01139979996, 129602.56359982304, 129613.11579984613, 129624.00790001266, 129635.31839987263, 129645.8651998546, 129656.40999982134, 129667.36969980411, 129677.95819998719, 129688.48889996298, 129699.71439987421, 129710.74459981173, 129721.98579995893, 129732.54080000333, 129743.41569980606, 129754.23369999044, 129764.82749986462, 129777.02749986202, 129779.22479994595]","Extended template","0","0","0","yes","3000","[0, 0.0, 0.0, 0.0, 0.0, 0.0, 0.0, 0.0, 0.0, 0.0, 0.0, 0.0, 0.0, 0.0, 0.0, 0.0, 0.0, 0.0, 0.0, 0.0, 0.0, 0.0, 0.0, 0.0, 0.0, 0.0, 0.0, 0.0, 0.0, 0.0, 0.0, 0.0, 0.0, 0.0, 0.0, 1.0, 6.0, 6.0, 20.0, 23.0, 25.0, 30.0, 37.0, 37.0, 37.0, 48.0, 48.0, 58.0, 72.0, 72.0, 119.0, 136.0, 136.0, 238.0, 263.0, 263.0, 317.0, 340.0, 340.0, 412.0, 427.0, 427.0, 447.0, 448.0, 448.0, 453.0, 454.0, 454.0, 458.0, 461.0, 469.0, 473.0, 473.0, 485.0, 488.0, 488.0, 492.0, 493.0, 493.0, 493.0, 493.0, 493.0, 492.0, 492.0, 492.0, 491.0, 491.0, 491.0, 490.0, 490.0, 490.0, 490.0, 490.0, 490.0, 490.0, 489.0, 489.0, 489.0, 489.0, 489.0, 489.0, 489.0]","[356, 356.0, 356.0, 356.0, 356.0, 356.0, 356.0, 356.0, 356.0, 356.0, 356.0, 356.0, 356.0, 356.0, 356.0, 356.0, 356.0, 356.0, 356.0, 356.0, 356.0, 356.0, 356.0, 356.0, 356.0, 356.0, 356.0, 356.0, 356.0, 356.0, 356.0, 356.0, 356.0, 356.0, 356.0, 355.0, 349.0, 349.0, 326.0, 318.0, 313.0, 299.0, 282.0, 282.0, 282.0, 247.0, 247.0, 222.0, 203.0, 203.0, 156.0, 139.0, 139.0, 66.0, 50.0, 50.0, 2.0, -17.0, -17.0, -71.0, -85.0, -85.0, -104.0, -105.0, -105.0, -111.0, -113.0, -113.0, -117.0, -123.0, -134.0, -139.0, -139.0, -157.0, -168.0, -168.0, -189.0, -193.0, -193.0, -212.0, -217.0, -217.0, -225.0, -227.0, -227.0, -233.0, -236.0, -236.0, -238.0, -239.0, -239.0, -239.0, -239.0, -239.0, -239.0, -241.0, -241.0, -244.0, -244.0, -246.0, -247.0, -247.0]"
"SMALLER","Dataset","1","223","3","2","-1","444","0.51","0.53","667","444","151.5","137.5","303","275","Control","undefined","yes","undefined","22","undefined","undefined","black","yes","psycho","I have read and understood the information shown above","psycho","psycho","0","uniform","1","SMALLER","undefined","1","0","0","8","8","0","8","8","8","8","8","0","0","0","8","8","0","0","8","Fri Dec  9 14:03:01 2022","A template containing a practice and an experimental phase","yes","experiment.osexp","C:\Users\lauri\Desktop\Local_Git\Laurits_Code\Experiments\PercAct - Exam","no","mono","no","42","no","white","no","Participate!","yes","Male","2000","213.91619998030365","213.91619998030365","psycho","8","8","C:/Users/lauri/Desktop/Local_Git/Laurits_Code/Experiments/PercAct - Exam/Data/subject-9365.csv","psycho","Lentiform Loewenfeld","3.3.12","testMonitor","yes","0","SMALLER","NA","space","SMALLER","883.7576999794692","NA","27760.759299853817","883.7576999794692","2","psycho","Yes","1024","2","48000","-16","experiment","9365","odd","87590.25449980982","87589.9034999311","130073.5736999195","131587.65090000816","11392.047999892384","130573.82319984026","132588.15569989383","133603.1507998705","131079.55429982394","133078.0229999218","NA","11391.782299848273","59826.40939997509","134493.61080001108","133603.96429989487","37153.602699982","NA","130064.28229995072","[133606.935699936, 133620.03299989738, 133631.21079979464, 133643.14839988947, 133653.84689997882, 133664.5754999481, 133677.54119983874, 133690.9818998538, 133701.73570001498, 133712.45479979552, 133723.0680999346, 133734.20029995032, 133745.20749994554, 133755.98879996687, 133766.7133999057, 133777.99889980815, 133788.74729992822, 133799.45199983194, 133810.18089991994, 133820.8518999163, 133832.0545000024, 133842.78399986215, 133853.4503998235, 133864.16409979574, 133875.99099986255, 133887.4079999514, 133900.2632999327, 133911.97000001557, 133922.90949984454, 133933.66179987788, 133955.12079983018, 133974.88549980335, 133986.5986998193, 133999.53099992126, 134010.77970000915, 134021.56179980375, 134032.44589990936, 134043.6255999375, 134054.4985998422, 134065.20449998789, 134077.12909998372, 134088.40449992567, 134100.67549999803, 134111.74779990688, 134123.0514999479, 134134.11189988256, 134144.81580001302, 134155.44239990413, 134167.2302999068, 134178.52630000561, 134189.3076999113, 134200.08039986715, 134210.90730000287, 134222.3200998269, 134256.36060000397, 134268.27989984304, 134278.95619999617, 134289.88589998335, 134301.37929995544, 134312.15079990216, 134323.82950000465, 134335.96479985863, 134347.79679984786, 134358.57049981132, 134369.58669987507, 134380.09839993902, 134391.03439985774, 134401.40289999545, 134411.70919989236, 134421.98939993978, 134432.31289996766, 134442.74209998548, 134453.05369980633, 134463.41679990292, 134474.0799998399, 134484.64059992693, 134490.69339991547]","Extended template","0","0","0","yes","3000","[0, 0.0, 0.0, 0.0, 0.0, 0.0, 0.0, 0.0, 0.0, 0.0, 0.0, 0.0, 0.0, 0.0, 0.0, 0.0, 0.0, 0.0, 0.0, 0.0, -3.0, -3.0, -3.0, -6.0, -7.0, -7.0, -19.0, -22.0, -22.0, -32.0, -38.0, -85.0, -85.0, -111.0, -120.0, -120.0, -156.0, -166.0, -166.0, -188.0, -198.0, -198.0, -225.0, -242.0, -242.0, -279.0, -291.0, -291.0, -340.0, -355.0, -355.0, -395.0, -399.0, -399.0, -415.0, -419.0, -419.0, -419.0, -419.0, -419.0, -419.0, -419.0, -420.0, -420.0, -420.0, -423.0, -424.0, -424.0, -426.0, -426.0, -426.0, -427.0, -428.0, -428.0, -428.0, -428.0, -428.0]","[356, 356.0, 356.0, 356.0, 356.0, 356.0, 356.0, 356.0, 356.0, 356.0, 356.0, 356.0, 356.0, 356.0, 356.0, 356.0, 356.0, 356.0, 356.0, 356.0, 357.0, 358.0, 358.0, 359.0, 359.0, 359.0, 358.0, 357.0, 357.0, 353.0, 350.0, 320.0, 320.0, 299.0, 292.0, 292.0, 251.0, 240.0, 240.0, 208.0, 195.0, 195.0, 146.0, 115.0, 115.0, 43.0, 19.0, 19.0, -70.0, -99.0, -99.0, -174.0, -187.0, -187.0, -225.0, -233.0, -233.0, -233.0, -233.0, -233.0, -233.0, -233.0, -235.0, -236.0, -236.0, -242.0, -244.0, -244.0, -252.0, -259.0, -259.0, -262.0, -264.0, -264.0, -264.0, -264.0, -264.0]"
"SMALLER","Dataset","1","333","4","3","-1","667","0.5","0.51","1000","667","166.5","151.5","333","303","Control","undefined","yes","undefined","22","undefined","undefined","black","yes","psycho","I have read and understood the information shown above","psycho","psycho","0","uniform","1","SMALLER","undefined","1","0","0","9","9","0","9","9","9","9","9","0","0","0","9","9","0","0","9","Fri Dec  9 14:03:01 2022","A template containing a practice and an experimental phase","yes","experiment.osexp","C:\Users\lauri\Desktop\Local_Git\Laurits_Code\Experiments\PercAct - Exam","no","mono","no","42","no","white","no","Participate!","yes","Male","2000","273.5385000705719","273.5385000705719","psycho","9","9","C:/Users/lauri/Desktop/Local_Git/Laurits_Code/Experiments/PercAct - Exam/Data/subject-9365.csv","psycho","Lentiform Loewenfeld","3.3.12","testMonitor","yes","0","SMALLER","NA","space","SMALLER","1358.2684001885355","NA","27760.759299853817","1358.2684001885355","2","psycho","Yes","1024","2","48000","-16","experiment","9365","odd","87590.25449980982","87589.9034999311","134794.8713998776","136313.98450001143","11392.047999892384","135296.69029987417","137314.79689991102","138331.20499993674","135804.92619983852","137819.3776998669","NA","11391.782299848273","59826.40939997509","139696.6619999148","138331.40859985724","37153.602699982","NA","134784.07379984856","[138332.80799980275, 138343.49339990877, 138353.8720998913, 138364.3141000066, 138374.76699985564, 138385.16089995392, 138395.5707999412, 138406.01849998347, 138416.6170998942, 138427.31409985572, 138437.68049986102, 138448.1076998636, 138458.61999993213, 138468.9920998644, 138479.41089980304, 138489.74769981578, 138500.15739980154, 138511.47019979544, 138522.851199843, 138533.29869988374, 138543.69339998811, 138554.09829993732, 138564.5037998911, 138574.89519985393, 138585.31169989146, 138595.9925998468, 138606.34649987333, 138616.79899995215, 138627.20799981616, 138637.6304998994, 138648.0527999811, 138659.2710998375, 138669.74529996514, 138680.4434999358, 138691.61689979956, 138702.46359985322, 138715.18699987791, 138726.55329992995, 138737.1632999275, 138748.4941999428, 138759.72449989058, 138774.86549993046, 138793.05979982018, 138803.79369994625, 138814.49959985912, 138825.73229982518, 138836.54269995168, 138847.67939988524, 138858.8965998497, 138869.52369986102, 138880.38639980368, 138892.51589984633, 138903.5745000001, 138914.81749992818, 138925.64429994673, 138937.23559984937, 138948.74569983222, 138960.16259980388, 138971.94869979285, 138982.9845998902, 138994.51379990205, 139005.59580000117, 139016.79999986663, 139028.3917998895, 139039.41549989395, 139052.03459993936, 139063.4724998381, 139075.20299986936, 139086.42579987645, 139097.11049986072, 139108.75949985348, 139120.60129991733, 139131.83179986663, 139143.27779994346, 139154.78809992783, 139165.72069982067, 139176.74299981445, 139187.4947999604, 139198.3717000112, 139209.2740999069, 139220.6778000109, 139232.07999998704, 139242.9749998264, 139254.04209992848, 139264.92209988646, 139275.66909999587, 139286.75469988957, 139298.5506998375, 139311.14969984628, 139324.1198998876, 139335.69550001994, 139346.97139984928, 139358.81229978986, 139369.5268998854, 139380.50679978915, 139393.0139997974, 139404.37459992245, 139415.04659992643, 139426.52859981172, 139437.42490001023, 139449.34219983406, 139461.96469990537, 139472.65919996426, 139483.5338999983, 139495.10709987953, 139506.31739990786, 139518.24389980175, 139530.16319987364, 139541.57839994878, 139552.37039993517, 139565.1320000179, 139577.76889996603, 139595.2101999428, 139611.76269990392, 139622.6558999624, 139633.39069997892, 139644.06690001488, 139654.7412998043, 139665.67319980823, 139677.4905999191, 139688.292699866, 139691.0763999913]","Extended template","0","0","0","yes","3000","[0, 0.0, 0.0, 0.0, 0.0, 0.0, 0.0, 0.0, 0.0, 0.0, 0.0, 0.0, 0.0, 0.0, 0.0, 0.0, 0.0, 0.0, 0.0, 0.0, 0.0, 0.0, 0.0, 0.0, 0.0, 0.0, 0.0, 0.0, 0.0, 0.0, 2.0, 3.0, 3.0, 4.0, 4.0, 4.0, -2.0, -8.0, -8.0, -23.0, -39.0, -39.0, -81.0, -81.0, -132.0, -165.0, -165.0, -320.0, -388.0, -388.0, -514.0, -557.0, -557.0, -660.0, -694.0, -694.0, -731.0, -736.0, -736.0, -746.0, -746.0, -746.0, -746.0, -746.0, -746.0, -746.0, -746.0, -746.0, -746.0, -746.0, -746.0, -746.0, -746.0, -746.0, -746.0, -745.0, -740.0, -740.0, -714.0, -695.0, -695.0, -667.0, -659.0, -659.0, -642.0, -637.0, -637.0, -632.0, -629.0, -629.0, -625.0, -625.0, -625.0, -618.0, -617.0, -617.0, -614.0, -614.0, -612.0, -610.0, -609.0, -607.0, -604.0, -604.0, -597.0, -596.0, -596.0, -588.0, -583.0, -583.0, -574.0, -572.0, -572.0, -562.0, -562.0, -559.0, -557.0, -557.0, -553.0, -552.0, -552.0, -552.0]","[356, 356.0, 356.0, 356.0, 356.0, 356.0, 356.0, 356.0, 356.0, 356.0, 356.0, 356.0, 356.0, 356.0, 356.0, 356.0, 356.0, 356.0, 356.0, 356.0, 356.0, 356.0, 356.0, 356.0, 356.0, 356.0, 356.0, 355.0, 355.0, 355.0, 352.0, 351.0, 351.0, 341.0, 330.0, 330.0, 308.0, 293.0, 293.0, 265.0, 244.0, 244.0, 198.0, 198.0, 155.0, 129.0, 129.0, 8.0, -50.0, -50.0, -168.0, -213.0, -213.0, -340.0, -394.0, -394.0, -490.0, -504.0, -504.0, -540.0, -542.0, -542.0, -544.0, -544.0, -544.0, -544.0, -544.0, -544.0, -544.0, -544.0, -544.0, -544.0, -544.0, -544.0, -544.0, -544.0, -541.0, -541.0, -524.0, -512.0, -512.0, -497.0, -494.0, -494.0, -484.0, -481.0, -481.0, -476.0, -475.0, -475.0, -470.0, -470.0, -470.0, -461.0, -460.0, -460.0, -455.0, -455.0, -452.0, -451.0, -447.0, -444.0, -439.0, -439.0, -426.0, -423.0, -423.0, -409.0, -397.0, -397.0, -378.0, -371.0, -371.0, -348.0, -348.0, -337.0, -333.0, -333.0, -325.0, -323.0, -323.0, -323.0]"
"SMALLER","Dataset","1","-223","3","2","-1","444","0.51","0.53","667","221","151.5","137.5","303","275","Congurent","undefined","yes","undefined","22","undefined","undefined","black","yes","psycho","I have read and understood the information shown above","psycho","psycho","0","uniform","1","SMALLER","undefined","1","0","0","10","10","0","10","10","10","10","10","0","0","0","10","10","0","0","10","Fri Dec  9 14:03:01 2022","A template containing a practice and an experimental phase","yes","experiment.osexp","C:\Users\lauri\Desktop\Local_Git\Laurits_Code\Experiments\PercAct - Exam","no","mono","no","42","no","white","no","Participate!","yes","Male","2000","356.4274001400918","356.4274001400918","psycho","10","10","C:/Users/lauri/Desktop/Local_Git/Laurits_Code/Experiments/PercAct - Exam/Data/subject-9365.csv","psycho","Lentiform Loewenfeld","3.3.12","testMonitor","yes","0","SMALLER","NA","space","SMALLER","894.1957999486476","NA","27760.759299853817","894.1957999486476","2","psycho","Yes","1024","2","48000","-16","experiment","9365","odd","87590.25449980982","87589.9034999311","140001.82119989768","141504.80379979126","11392.047999892384","140502.1398998797","142505.11209992692","143542.9844998289","140999.6586998459","143019.2429998424","NA","11391.782299848273","59826.40939997509","144448.04519996978","143543.83490001783","37153.602699982","NA","139989.92159985937","[143546.70539987274, 143558.55549988337, 143569.25419997424, 143579.95179994032, 143593.547699973, 143605.86669994518, 143616.63199984469, 143627.58559989743, 143638.300599996, 143649.0340998862, 143659.77909998037, 143671.24249995686, 143681.96149985306, 143692.71550001577, 143703.45829986036, 143714.13209987804, 143725.06570001133, 143735.93529989012, 143746.76389992237, 143757.98339978792, 143768.8434999436, 143779.8160999082, 143791.45089979284, 143802.4620998185, 143813.11499979347, 143824.31799988262, 143835.33319993876, 143846.01480001584, 143858.63259993494, 143870.5120999366, 143881.574699888, 143892.38059986383, 143903.13280001283, 143913.82639994845, 143925.86949979886, 143936.5646999795, 143947.97609979287, 143958.8406998664, 143970.16409994103, 143980.84599990398, 143992.4466998782, 144004.3167998083, 144015.7685999293, 144026.9201998599, 144037.79520001262, 144049.62659999728, 144060.45589991845, 144071.06709992513, 144081.8003998138, 144094.25309998915, 144105.04839988425, 144116.01579980925, 144128.3260998316, 144143.61109980382, 144155.11729987338, 144166.10159981064, 144178.79429995082, 144190.1143998839, 144201.25389983878, 144213.0576998461, 144224.99099979177, 144236.18100001477, 144247.04889999703, 144257.81229999848, 144268.49589985795, 144278.99689995684, 144289.35979981907, 144299.7788998764, 144310.11580000632, 144320.44789986685, 144330.78629989177, 144343.19099993445, 144353.5395998042, 144363.90280001797, 144377.19039991498, 144387.60889996774, 144400.14569996856, 144416.04879987426, 144428.12229995616, 144439.12389990874, 144440.90119982138]","Extended template","0","0","0","yes","3000","[0, 0.0, 0.0, 0.0, 0.0, 0.0, 0.0, 0.0, 0.0, 0.0, 0.0, 0.0, 0.0, 0.0, 0.0, 0.0, 0.0, 0.0, 0.0, 0.0, 0.0, 0.0, 0.0, 0.0, 0.0, 0.0, 0.0, 0.0, 0.0, 0.0, 0.0, 0.0, 0.0, 0.0, 0.0, 0.0, -2.0, -7.0, -7.0, -28.0, -36.0, -36.0, -72.0, -85.0, -85.0, -122.0, -139.0, -139.0, -186.0, -210.0, -210.0, -232.0, -236.0, -236.0, -251.0, -251.0, -268.0, -290.0, -290.0, -341.0, -366.0, -366.0, -401.0, -416.0, -416.0, -442.0, -447.0, -447.0, -467.0, -478.0, -483.0, -494.0, -507.0, -507.0, -517.0, -519.0, -524.0, -536.0, -540.0, -540.0, -541.0]","[356, 356.0, 356.0, 356.0, 356.0, 356.0, 356.0, 356.0, 356.0, 356.0, 356.0, 356.0, 356.0, 356.0, 356.0, 356.0, 356.0, 356.0, 356.0, 356.0, 356.0, 356.0, 356.0, 356.0, 356.0, 356.0, 356.0, 356.0, 356.0, 356.0, 356.0, 356.0, 356.0, 354.0, 352.0, 352.0, 343.0, 329.0, 329.0, 284.0, 266.0, 266.0, 187.0, 158.0, 158.0, 90.0, 65.0, 65.0, 5.0, -21.0, -21.0, -48.0, -54.0, -54.0, -79.0, -79.0, -105.0, -129.0, -129.0, -167.0, -185.0, -185.0, -209.0, -220.0, -220.0, -245.0, -249.0, -249.0, -268.0, -280.0, -283.0, -297.0, -311.0, -311.0, -323.0, -325.0, -332.0, -343.0, -346.0, -346.0, -346.0]"
"BIGGER","Dataset","1","-750","5","6","1","2250","0.53","0.48","1500","2250","183","201.5","366","403","Control","undefined","yes","undefined","22","undefined","undefined","black","yes","psycho","I have read and understood the information shown above","psycho","psycho","0","uniform","1","BIGGER","undefined","1","0","0","11","11","0","11","11","11","11","11","0","0","0","11","11","0","0","11","Fri Dec  9 14:03:01 2022","A template containing a practice and an experimental phase","yes","experiment.osexp","C:\Users\lauri\Desktop\Local_Git\Laurits_Code\Experiments\PercAct - Exam","no","mono","no","42","no","white","no","Participate!","yes","Male","2000","297.0961998216808","297.0961998216808","psycho","11","11","C:/Users/lauri/Desktop/Local_Git/Laurits_Code/Experiments/PercAct - Exam/Data/subject-9365.csv","psycho","Lentiform Loewenfeld","3.3.12","testMonitor","yes","0","BIGGER","NA","space","BIGGER","902.4509999435395","NA","27760.759299853817","902.4509999435395","2","psycho","Yes","1024","2","48000","-16","experiment","9365","odd","87590.25449980982","87589.9034999311","144795.80089985393","146313.03019984625","11392.047999892384","145296.9176999759","147313.69879981503","148353.00569981337","145803.86809981428","147829.99180001207","NA","11391.782299848273","59826.40939997509","149280.56250000373","148353.88459987007","37153.602699982","NA","144785.4909999296","[148356.95759998634, 148369.4639999885, 148380.36169996485, 148391.4872999303, 148402.22999989055, 148413.59739983454, 148424.92369981483, 148435.99039991386, 148446.71479985118, 148458.48379982635, 148469.26989988424, 148480.40929995477, 148491.62499979138, 148502.471299842, 148513.1734998431, 148524.01199983433, 148534.688499989, 148545.41839985177, 148556.00479990244, 148566.8069999665, 148578.17299989983, 148589.6228000056, 148600.43319989927, 148611.1862999387, 148621.82869995013, 148632.7247999143, 148643.42109998688, 148654.05379980803, 148665.7428999897, 148715.7223999966, 148728.1266998034, 148738.83529985324, 148749.84099995345, 148761.39599992894, 148772.47540000826, 148783.31699990667, 148795.7569998689, 148807.21929995343, 148818.83519981056, 148834.31209996343, 148845.1302999165, 148855.7612998411, 148866.46559997462, 148877.48369993642, 148888.8741999399, 148900.9532998316, 148911.99880000204, 148922.773799859, 148933.55249986053, 148944.34909988195, 148956.14389982074, 149000.5543997977, 149011.38399983756, 149022.05259981565, 149033.81559997797, 149044.55839982256, 149055.81379984505, 149066.59399997443, 149077.8162998613, 149088.99369998835, 149100.57469992898, 149111.24019999988, 149123.08519985527, 149133.87000001967, 149144.6253999602, 149155.25779989548, 149166.00440000184, 149176.96810001507, 149187.73529981263, 149198.8401999697, 149209.6700000111, 149220.4057998024, 149231.06579994783, 149245.93969993293, 149259.40859992988]","Extended template","0","0","0","yes","3000","[0, 0.0, 0.0, 0.0, 0.0, 0.0, 0.0, 0.0, 0.0, 0.0, 0.0, 0.0, 0.0, 0.0, 0.0, 0.0, 0.0, 0.0, 0.0, 0.0, 0.0, 0.0, 0.0, 0.0, 0.0, 0.0, 0.0, 0.0, 1.0, 18.0, 35.0, 38.0, 47.0, 69.0, 84.0, 84.0, 107.0, 114.0, 114.0, 156.0, 174.0, 174.0, 224.0, 245.0, 245.0, 304.0, 322.0, 322.0, 370.0, 379.0, 379.0, 486.0, 493.0, 493.0, 509.0, 514.0, 514.0, 519.0, 520.0, 520.0, 521.0, 521.0, 521.0, 522.0, 523.0, 523.0, 524.0, 524.0, 524.0, 524.0, 524.0, 524.0, 524.0, 524.0, 524.0]","[356, 356.0, 356.0, 356.0, 356.0, 356.0, 356.0, 356.0, 356.0, 356.0, 356.0, 356.0, 356.0, 356.0, 356.0, 356.0, 356.0, 356.0, 356.0, 356.0, 356.0, 356.0, 356.0, 356.0, 356.0, 356.0, 356.0, 356.0, 356.0, 342.0, 330.0, 327.0, 322.0, 308.0, 299.0, 299.0, 283.0, 278.0, 278.0, 254.0, 246.0, 246.0, 221.0, 208.0, 208.0, 166.0, 149.0, 149.0, 103.0, 96.0, 96.0, -86.0, -108.0, -108.0, -159.0, -170.0, -170.0, -189.0, -194.0, -194.0, -207.0, -207.0, -207.0, -219.0, -223.0, -223.0, -235.0, -237.0, -237.0, -256.0, -258.0, -258.0, -279.0, -284.0, -289.0]"
"BIGGER","Dataset","1","500","4","5","1","1500","0.5","0.53","1000","2000","166.5","183","333","366","Congurent","undefined","yes","undefined","22","undefined","undefined","black","yes","psycho","I have read and understood the information shown above","psycho","psycho","0","uniform","1","BIGGER","undefined","1","0","0","12","12","0","12","12","12","12","12","0","0","0","12","12","0","0","12","Fri Dec  9 14:03:01 2022","A template containing a practice and an experimental phase","yes","experiment.osexp","C:\Users\lauri\Desktop\Local_Git\Laurits_Code\Experiments\PercAct - Exam","no","mono","no","42","no","white","no","Participate!","yes","Male","2000","271.4569999370724","271.4569999370724","psycho","12","12","C:/Users/lauri/Desktop/Local_Git/Laurits_Code/Experiments/PercAct - Exam/Data/subject-9365.csv","psycho","Lentiform Loewenfeld","3.3.12","testMonitor","yes","0","BIGGER","NA","space","BIGGER","968.1629999540746","NA","27760.759299853817","968.1629999540746","2","psycho","Yes","1024","2","48000","-16","experiment","9365","odd","87590.25449980982","87589.9034999311","149566.4964998141","151068.0270998273","11392.047999892384","150067.62359989807","152068.09919979423","153085.85579995997","150557.4081998784","152559.28619997576","NA","11391.782299848273","59826.40939997509","154062.75129993446","153086.72509994358","37153.602699982","NA","149555.28239998966","[153090.0357000064, 153102.51909983344, 153113.25889988802, 153124.3586000055, 153135.18529990688, 153145.9481997881, 153156.540799886, 153167.2103998717, 153178.01549984142, 153189.38459991477, 153200.4639999941, 153211.29069989547, 153221.94839990698, 153232.61429998092, 153243.3648998849, 153254.98309987597, 153270.14369983226, 153283.49599987268, 153294.5696997922, 153305.27199991047, 153316.1100000143, 153326.99079997838, 153337.78359997086, 153349.9539999757, 153361.49269994348, 153372.23139987327, 153382.94449984096, 153394.267299911, 153405.76939983293, 153416.8390999548, 153429.51729986817, 153440.59809995815, 153452.21079979092, 153463.11659994535, 153474.53969996423, 153485.76399986632, 153496.90599995665, 153508.71109985746, 153519.49209999293, 153530.36609990522, 153553.5215998534, 153568.63899994642, 153579.66499985196, 153590.9219000023, 153602.24229982123, 153613.05459984578, 153624.30619983934, 153635.39709988981, 153646.19539980777, 153657.8718998935, 153669.04019983485, 153679.91829989478, 153691.73239986412, 153702.8065000195, 153713.51219993085, 153724.4857000187, 153736.5132998675, 153747.28259979747, 153759.34659992345, 153770.2819998376, 153780.94540000893, 153799.47299999185, 153815.56089990772, 153846.9356999267, 153861.753199948, 153874.0972999949, 153885.73489990085, 153897.97489997, 153909.62469996884, 153920.6367000006, 153932.9925000202, 153943.7618998345, 153954.32869996876, 153964.98519997112, 153976.422799984, 153987.13029990904, 153997.79419996776, 154008.87439982034, 154019.74949985743, 154031.1476998031, 154042.80799999833, 154053.66460001096, 154058.19869996049]","Extended template","0","0","0","yes","3000","[0, 0.0, 0.0, 0.0, 0.0, 0.0, 0.0, 0.0, 0.0, 0.0, 0.0, 0.0, 0.0, 0.0, 0.0, 0.0, 0.0, 0.0, 0.0, 0.0, 0.0, 0.0, 0.0, 0.0, 0.0, 0.0, 0.0, 0.0, 0.0, 0.0, 0.0, 1.0, 1.0, 7.0, 11.0, 11.0, 15.0, 16.0, 16.0, 20.0, 21.0, 30.0, 38.0, 38.0, 79.0, 79.0, 79.0, 117.0, 133.0, 133.0, 190.0, 190.0, 190.0, 247.0, 259.0, 259.0, 288.0, 288.0, 288.0, 317.0, 320.0, 350.0, 355.0, 379.0, 399.0, 422.0, 422.0, 472.0, 479.0, 479.0, 499.0, 500.0, 500.0, 502.0, 503.0, 503.0, 505.0, 505.0, 505.0, 505.0, 505.0, 505.0, 505.0]","[356, 356.0, 356.0, 356.0, 356.0, 356.0, 356.0, 356.0, 356.0, 356.0, 356.0, 356.0, 356.0, 356.0, 356.0, 356.0, 356.0, 356.0, 356.0, 356.0, 356.0, 356.0, 356.0, 356.0, 356.0, 354.0, 354.0, 351.0, 349.0, 348.0, 341.0, 338.0, 338.0, 320.0, 303.0, 303.0, 282.0, 275.0, 275.0, 243.0, 232.0, 168.0, 141.0, 141.0, 12.0, 12.0, 12.0, -70.0, -95.0, -95.0, -175.0, -175.0, -175.0, -232.0, -245.0, -245.0, -276.0, -276.0, -276.0, -301.0, -303.0, -319.0, -321.0, -334.0, -343.0, -350.0, -350.0, -360.0, -361.0, -361.0, -362.0, -362.0, -362.0, -361.0, -360.0, -360.0, -358.0, -358.0, -358.0, -358.0, -358.0, -358.0, -358.0]"
"SMALLER","Dataset","1","-500","4","4","-1","1000","0.5","0.5","1500","2000","183","166.5","366","333","Incongurent","undefined","yes","undefined","22","undefined","undefined","black","yes","psycho","I have read and understood the information shown above","psycho","psycho","0","uniform","1","SMALLER","undefined","1","0","0","13","13","0","13","13","13","13","13","0","0","0","13","13","0","0","13","Fri Dec  9 14:03:01 2022","A template containing a practice and an experimental phase","yes","experiment.osexp","C:\Users\lauri\Desktop\Local_Git\Laurits_Code\Experiments\PercAct - Exam","no","mono","no","42","no","white","no","Participate!","yes","Male","2000","67.14379996992648","67.14379996992648","psycho","13","13","C:/Users/lauri/Desktop/Local_Git/Laurits_Code/Experiments/PercAct - Exam/Data/subject-9365.csv","psycho","Lentiform Loewenfeld","3.3.12","testMonitor","yes","0","SMALLER","NA","space","SMALLER","933.2238000351936","NA","27760.759299853817","933.2238000351936","2","psycho","Yes","1024","2","48000","-16","experiment","9365","odd","87590.25449980982","87589.9034999311","154403.81419984624","155964.637799887","11392.047999892384","154904.64519988745","156964.89999978803","158003.27769992873","155437.838899903","157480.44169996865","NA","11391.782299848273","59826.40939997509","158948.68099992163","158004.4370999094","37153.602699982","NA","154390.21729980595","[158007.97509984113, 158019.61229997687, 158030.4147999268, 158041.26929980703, 158052.15929984115, 158063.832399901, 158075.11889981106, 158086.51499985717, 158098.87759992853, 158111.8218000047, 158122.46069987305, 158133.10729991645, 158143.8484999817, 158154.48509994894, 158165.40309996344, 158185.83530001342, 158196.56899990514, 158208.8911999017, 158219.673599815, 158231.214299798, 158245.07059995085, 158255.72709995322, 158266.47309982218, 158278.92899978906, 158289.61479989812, 158300.95189996064, 158311.73029984348, 158322.39430001937, 158333.14699982293, 158350.8311000187, 158399.64529988356, 158422.89619985968, 158433.66470001638, 158447.7811998222, 158458.55370000936, 158469.31339986622, 158480.86379980668, 158492.84359999, 158503.5377999302, 158514.19119979255, 158525.7801997941, 158536.72969993204, 158547.44949983433, 158559.48389996774, 158570.3111998737, 158582.18379993923, 158593.38119998574, 158605.10679986328, 158615.82019994967, 158626.81049993262, 158637.8050998319, 158651.22899995185, 158674.8919999227, 158690.94939995557, 158702.4710997939, 158713.2048998028, 158724.37769989483, 158735.100899823, 158745.76739990152, 158756.3169999048, 158767.09469989873, 158777.79089985415, 158788.82189979777, 158799.46989985183, 158811.1889997963, 158821.7796999961, 158832.38869998604, 158843.1030998472, 158853.72169991024, 158864.3494998105, 158875.1124998089, 158885.72089979425, 158896.3607000187, 158907.53699978814, 158918.54099999182, 158929.52329991385, 158940.10419980623, 158941.19889987633]","Extended template","0","0","0","yes","3000","[0, 0.0, 0.0, 0.0, 0.0, 0.0, 0.0, -2.0, -2.0, -11.0, -18.0, -23.0, -39.0, -57.0, -57.0, -82.0, -88.0, -88.0, -97.0, -102.0, -132.0, -148.0, -148.0, -220.0, -273.0, -273.0, -356.0, -365.0, -365.0, -458.0, -533.0, -548.0, -550.0, -558.0, -560.0, -560.0, -561.0, -561.0, -561.0, -561.0, -561.0, -561.0, -561.0, -561.0, -561.0, -561.0, -561.0, -561.0, -559.0, -558.0, -558.0, -556.0, -555.0, -555.0, -555.0, -555.0, -555.0, -555.0, -555.0, -555.0, -554.0, -553.0, -553.0, -549.0, -548.0, -548.0, -545.0, -544.0, -544.0, -542.0, -542.0, -542.0, -542.0, -542.0, -542.0, -542.0, -542.0, -542.0]","[356, 356.0, 356.0, 356.0, 356.0, 356.0, 356.0, 357.0, 357.0, 357.0, 357.0, 358.0, 359.0, 360.0, 360.0, 360.0, 360.0, 360.0, 357.0, 352.0, 329.0, 316.0, 316.0, 251.0, 198.0, 198.0, 109.0, 101.0, 101.0, 3.0, -92.0, -144.0, -152.0, -176.0, -181.0, -181.0, -190.0, -198.0, -198.0, -205.0, -206.0, -206.0, -210.0, -211.0, -211.0, -213.0, -214.0, -214.0, -216.0, -216.0, -216.0, -217.0, -218.0, -219.0, -219.0, -219.0, -219.0, -219.0, -219.0, -219.0, -221.0, -222.0, -222.0, -229.0, -231.0, -231.0, -239.0, -242.0, -242.0, -246.0, -246.0, -246.0, -246.0, -246.0, -246.0, -246.0, -246.0, -246.0]"
"BIGGER","Dataset","1","223","2","3","1","667","0.53","0.51","444","890","137.5","151.5","275","303","Congurent","undefined","yes","undefined","22","undefined","undefined","black","yes","psycho","I have read and understood the information shown above","psycho","psycho","0","uniform","1","BIGGER","undefined","1","0","0","14","14","0","14","14","14","14","14","0","0","0","14","14","0","0","14","Fri Dec  9 14:03:01 2022","A template containing a practice and an experimental phase","yes","experiment.osexp","C:\Users\lauri\Desktop\Local_Git\Laurits_Code\Experiments\PercAct - Exam","no","mono","no","42","no","white","no","Participate!","yes","Male","2000","182.59690003469586","182.59690003469586","psycho","14","14","C:/Users/lauri/Desktop/Local_Git/Laurits_Code/Experiments/PercAct - Exam/Data/subject-9365.csv","psycho","Lentiform Loewenfeld","3.3.12","testMonitor","yes","0","BIGGER","NA","space","BIGGER","1332.1559999603778","NA","27760.759299853817","1332.1559999603778","2","psycho","Yes","1024","2","48000","-16","experiment","9365","odd","87590.25449980982","87589.9034999311","159281.35039983317","160808.93619987182","11392.047999892384","159782.11589995772","161809.31149981916","162838.40769995004","160298.18639997393","162315.98309986293","NA","11391.782299848273","59826.40939997509","164179.50939992443","162839.16799980216","37153.602699982","NA","159270.03249991685","[162842.75059984066, 162855.10849999264, 162865.9508000128, 162876.70179991983, 162887.3776998371, 162898.5391999595, 162910.02359986305, 162921.34499992244, 162932.1246999316, 162942.84599996172, 162954.26499983296, 162967.2801999841, 162980.62179982662, 162992.3030999489, 163003.3097998239, 163013.99949984625, 163025.34749987535, 163036.25179990195, 163047.61249991134, 163062.72729998454, 163073.53109982796, 163084.8665998783, 163097.09890000522, 163108.2579998765, 163119.00780000724, 163129.67629986815, 163145.15399979427, 163155.84339993075, 163166.6183997877, 163178.1285998877, 163189.4892998971, 163201.5187998768, 163212.21449994482, 163222.90599998087, 163271.38069993816, 163282.30630001053, 163294.3998000119, 163305.49809988588, 163316.22969987802, 163330.28190000914, 163341.19439986534, 163351.99799994007, 163364.72359998152, 163376.5204998199, 163387.28209980763, 163398.00059981644, 163409.92809995078, 163422.65550000593, 163433.43809992075, 163444.1046998836, 163454.69949999824, 163465.75279999524, 163476.60249983892, 163488.6011998169, 163499.5569998864, 163512.10769987665, 163522.97619986348, 163533.67199981585, 163544.38749980181, 163555.02470000647, 163565.71699981578, 163576.43819996156, 163587.64459984377, 163599.00609985925, 163609.99919986352, 163621.1226999294, 163632.2108998429, 163643.19429988973, 163653.94839993678, 163665.2110000141, 163679.07929979265, 163690.24499994703, 163701.54689997435, 163712.9363999702, 163724.3189997971, 163737.0289999526, 163748.01989994012, 163760.92709996738, 163771.68209990487, 163783.78589986823, 163796.08060000464, 163806.78679980338, 163818.28569993377, 163830.11729991995, 163841.59829979762, 163853.23959984817, 163866.1658000201, 163877.1895999089, 163889.21629986726, 163901.2127998285, 163913.0179998465, 163925.16889981925, 163936.9912999682, 163948.98809981532, 163962.6535999123, 163974.2889998015, 163985.12969980948, 163996.62089999765, 164007.69030000083, 164019.0900999587, 164030.474799918, 164043.36009989493, 164058.4521999117, 164071.2184999138, 164082.29009993374, 164093.0500999093, 164103.69079979137, 164114.48409990408, 164125.4221999552, 164136.13979984075, 164146.8074999284, 164157.81979984604, 164168.6687998008, 164174.90659980103]","Extended template","0","0","0","yes","3000","[0, 0.0, 0.0, 0.0, 0.0, 0.0, 0.0, 0.0, 0.0, 0.0, 0.0, 0.0, 0.0, 0.0, 0.0, 0.0, 0.0, 0.0, 0.0, 1.0, 1.0, 1.0, 2.0, 3.0, 3.0, 4.0, 4.0, 4.0, 4.0, 4.0, 4.0, -3.0, -3.0, -3.0, -90.0, -90.0, -105.0, -110.0, -114.0, -120.0, -120.0, -120.0, -118.0, -111.0, -111.0, -97.0, -84.0, -84.0, -38.0, -27.0, -27.0, 41.0, 53.0, 53.0, 107.0, 115.0, 115.0, 162.0, 169.0, 169.0, 201.0, 209.0, 209.0, 233.0, 241.0, 241.0, 262.0, 267.0, 267.0, 286.0, 297.0, 297.0, 310.0, 314.0, 314.0, 332.0, 340.0, 363.0, 379.0, 379.0, 396.0, 403.0, 403.0, 410.0, 415.0, 415.0, 428.0, 430.0, 430.0, 442.0, 443.0, 443.0, 451.0, 451.0, 454.0, 456.0, 456.0, 458.0, 458.0, 458.0, 458.0, 458.0, 458.0, 458.0, 458.0, 458.0, 458.0, 458.0, 458.0, 458.0, 458.0, 458.0, 458.0, 458.0]","[356, 356.0, 356.0, 356.0, 356.0, 356.0, 356.0, 356.0, 356.0, 356.0, 356.0, 356.0, 356.0, 356.0, 356.0, 356.0, 356.0, 354.0, 354.0, 353.0, 352.0, 352.0, 349.0, 348.0, 348.0, 343.0, 338.0, 338.0, 324.0, 318.0, 318.0, 283.0, 283.0, 283.0, 116.0, 116.0, 84.0, 69.0, 54.0, 31.0, 20.0, 20.0, 1.0, -15.0, -15.0, -35.0, -53.0, -53.0, -107.0, -118.0, -118.0, -180.0, -191.0, -191.0, -241.0, -250.0, -250.0, -291.0, -296.0, -296.0, -313.0, -316.0, -316.0, -327.0, -329.0, -329.0, -338.0, -340.0, -340.0, -346.0, -351.0, -351.0, -356.0, -358.0, -358.0, -364.0, -366.0, -370.0, -372.0, -372.0, -374.0, -375.0, -375.0, -376.0, -376.0, -376.0, -375.0, -374.0, -374.0, -369.0, -369.0, -369.0, -363.0, -363.0, -361.0, -358.0, -358.0, -357.0, -357.0, -357.0, -357.0, -357.0, -357.0, -357.0, -357.0, -357.0, -357.0, -357.0, -357.0, -357.0, -357.0, -357.0, -357.0, -357.0]"
"SMALLER","Dataset","1","-333","5","3","-1","667","0.53","0.51","1000","1333","166.5","151.5","333","303","Incongurent","undefined","yes","undefined","22","undefined","undefined","black","yes","psycho","I have read and understood the information shown above","psycho","psycho","0","uniform","1","SMALLER","undefined","1","0","0","15","15","0","15","15","15","15","15","0","0","0","15","15","0","0","15","Fri Dec  9 14:03:01 2022","A template containing a practice and an experimental phase","yes","experiment.osexp","C:\Users\lauri\Desktop\Local_Git\Laurits_Code\Experiments\PercAct - Exam","no","mono","no","42","no","white","no","Participate!","yes","Male","2000","176.94159992970526","176.94159992970526","psycho","15","15","C:/Users/lauri/Desktop/Local_Git/Laurits_Code/Experiments/PercAct - Exam/Data/subject-9365.csv","psycho","Lentiform Loewenfeld","3.3.12","testMonitor","yes","0","SMALLER","NA","space","SMALLER","1120.7673999015242","NA","27760.759299853817","1120.7673999015242","2","psycho","Yes","1024","2","48000","-16","experiment","9365","odd","87590.25449980982","87589.9034999311","164519.387899898","166034.25729996525","11392.047999892384","165019.37130000442","167034.4648999162","168066.74299994484","165525.64319991507","167532.0584999863","NA","11391.782299848273","59826.40939997509","169200.35029994324","168067.5888999831","37153.602699982","NA","164510.01369999722","[168070.55289996788, 168081.67369989678, 168094.7962999344, 168105.5359998718, 168116.23719986528, 168128.04809981026, 168138.71369999833, 168149.5737999212, 168160.38629994728, 168170.9286000114, 168181.8105999846, 168193.789599929, 168204.42829979584, 168215.08609992452, 168225.8506999351, 168236.5259998478, 168247.49449989758, 168259.60399978794, 168271.28869993612, 168282.49099990353, 168297.07879992202, 168315.54339989088, 168333.4337999113, 168344.5975999348, 168357.59799997322, 168369.44659985602, 168380.2735998761, 168391.61269995384, 168402.6748999022, 168413.860199973, 168424.90480002016, 168436.54789985158, 168447.30250001885, 168459.09529994242, 168470.5695998855, 168482.58049995638, 168493.9617998898, 168508.5358999204, 168520.1632999815, 168530.83739988506, 168543.3880998753, 168554.08159992658, 168564.74890001118, 168575.46229986474, 168586.39149996452, 168597.32989990152, 168608.95799985155, 168620.1718999073, 168632.3706000112, 168643.12639995478, 168653.74039998278, 168664.35779980384, 168676.85269983485, 168687.57509998977, 168699.6509998571, 168710.37440001965, 168721.34749987163, 168732.489899965, 168744.37339999713, 168755.45739987865, 168766.5287000127, 168777.90659992024, 168788.96949999034, 168800.85889995098, 168811.80559983477, 168823.47609987482, 168834.51099996455, 168848.75519992784, 168867.88799986243, 168879.05199988745, 168889.7734999191, 168901.74199989997, 168912.42489987053, 168923.70689986274, 168934.69969998114, 168945.80019987188, 168956.48029982112, 168967.19659981318, 168978.67149999365, 168990.62019982375, 169001.86519999988, 169012.55039987154, 169024.72250000574, 169036.12519986928, 169046.86399991624, 169058.66909981705, 169069.425099995, 169080.80479991622, 169091.9354998041, 169102.72369999439, 169113.99280000478, 169131.0274999123, 169144.94639984332, 169156.30549984053, 169167.0701999683, 169178.69969992898, 169189.8393998854, 169191.3202998694]","Extended template","0","0","0","yes","3000","[0, 0.0, 0.0, 0.0, 0.0, 0.0, 0.0, 0.0, 0.0, 0.0, 0.0, 0.0, 0.0, 0.0, 0.0, 0.0, 0.0, 1.0, 3.0, 3.0, -1.0, -10.0, -65.0, -94.0, -94.0, -159.0, -159.0, -159.0, -260.0, -287.0, -287.0, -408.0, -408.0, -408.0, -505.0, -537.0, -600.0, -633.0, -633.0, -678.0, -688.0, -688.0, -691.0, -691.0, -691.0, -691.0, -691.0, -691.0, -692.0, -692.0, -692.0, -692.0, -692.0, -692.0, -692.0, -692.0, -692.0, -683.0, -681.0, -681.0, -668.0, -665.0, -665.0, -652.0, -648.0, -648.0, -631.0, -631.0, -623.0, -620.0, -620.0, -607.0, -607.0, -607.0, -597.0, -593.0, -593.0, -589.0, -588.0, -588.0, -583.0, -583.0, -583.0, -577.0, -577.0, -577.0, -574.0, -573.0, -573.0, -571.0, -570.0, -568.0, -567.0, -567.0, -562.0, -561.0, -561.0, -558.0]","[356, 356.0, 356.0, 356.0, 356.0, 356.0, 356.0, 356.0, 356.0, 356.0, 356.0, 356.0, 356.0, 356.0, 356.0, 356.0, 356.0, 353.0, 340.0, 340.0, 313.0, 292.0, 202.0, 163.0, 163.0, 65.0, 65.0, 65.0, -62.0, -88.0, -88.0, -218.0, -218.0, -218.0, -355.0, -404.0, -501.0, -549.0, -549.0, -608.0, -620.0, -620.0, -624.0, -624.0, -624.0, -624.0, -624.0, -624.0, -624.0, -623.0, -623.0, -623.0, -622.0, -622.0, -617.0, -613.0, -613.0, -584.0, -576.0, -576.0, -535.0, -529.0, -529.0, -509.0, -502.0, -502.0, -476.0, -476.0, -460.0, -456.0, -456.0, -435.0, -435.0, -435.0, -414.0, -409.0, -409.0, -402.0, -401.0, -401.0, -395.0, -395.0, -395.0, -386.0, -386.0, -386.0, -380.0, -379.0, -379.0, -374.0, -373.0, -367.0, -363.0, -363.0, -351.0, -349.0, -349.0, -344.0]"
"BIGGER","Dataset","1","-223","2","3","1","667","0.53","0.51","444","667","137.5","151.5","275","303","Control","undefined","yes","undefined","22","undefined","undefined","black","yes","psycho","I have read and understood the information shown above","psycho","psycho","0","uniform","1","BIGGER","undefined","1","0","0","16","16","0","16","16","16","16","16","0","0","0","16","16","0","0","16","Fri Dec  9 14:03:01 2022","A template containing a practice and an experimental phase","yes","experiment.osexp","C:\Users\lauri\Desktop\Local_Git\Laurits_Code\Experiments\PercAct - Exam","no","mono","no","42","no","white","no","Participate!","yes","Male","2000","346.610700013116","346.610700013116","psycho","16","16","C:/Users/lauri/Desktop/Local_Git/Laurits_Code/Experiments/PercAct - Exam/Data/subject-9365.csv","psycho","Lentiform Loewenfeld","3.3.12","testMonitor","yes","0","BIGGER","NA","space","BIGGER","1019.9948998633772","NA","27760.759299853817","1019.9948998633772","2","psycho","Yes","1024","2","48000","-16","experiment","9365","odd","87590.25449980982","87589.9034999311","169524.10819986835","171046.79559986107","11392.047999892384","170024.25739984028","172046.7349998653","173070.22689981386","170537.03209990636","172556.1466999352","NA","11391.782299848273","59826.40939997509","174094.10139988177","173070.4541997984","37153.602699982","NA","169514.82049981132","[173071.8505999539, 173082.6814000029, 173093.08989997953, 173103.48269995302, 173114.20159996487, 173124.66219998896, 173135.0461000111, 173145.43299982324, 173155.81649984233, 173166.18209984154, 173176.61109985784, 173186.97509984486, 173197.62749993242, 173208.1188999582, 173218.53519999422, 173229.21199980192, 173239.7289997898, 173250.20319991745, 173260.6630998198, 173271.1412999779, 173281.55169985257, 173292.0359999407, 173302.4227998685, 173312.83640000038, 173323.1625999324, 173333.78049987368, 173344.2345999647, 173354.61939987727, 173365.42960000224, 173376.2630999554, 173386.6839997936, 173397.12889981456, 173407.95709984377, 173418.46129996702, 173428.90499997884, 173439.31379984133, 173449.77169996127, 173461.29589993507, 173471.6424997896, 173482.01569984667, 173492.70499986596, 173503.2416000031, 173513.6454999447, 173524.023699807, 173535.2570998948, 173545.69759988226, 173556.0655000154, 173566.488499986, 173576.98030001484, 173587.66789990477, 173598.33119995892, 173608.7818997912, 173619.16959984228, 173629.63849981315, 173641.37570001185, 173651.83129999787, 173662.26059990004, 173672.74379986338, 173683.48859995604, 173694.42590000108, 173704.84149991535, 173715.4502000194, 173726.80319985375, 173737.20419988967, 173747.9187999852, 173760.95069991425, 173771.39779995196, 173781.85489983298, 173793.21359982714, 173803.67159983143, 173814.33809990995, 173825.9816998616, 173836.44569991156, 173846.97489999235, 173858.79069985822, 173869.4704999216, 173881.16909982637, 173893.98689987138, 173904.3992999941, 173914.83049979433, 173926.47059983574, 173936.87029997818, 173947.34229985625, 173959.61139979772, 173970.59529996477, 173981.07269988395, 173994.4440999534, 174004.8303999938, 174015.22089983337, 174028.4070998896, 174038.81810000166, 174049.29039999843, 174059.70989982598, 174070.1167997904, 174080.60799981467, 174091.65750001557, 174091.84549981728]","Extended template","0","0","0","yes","3000","[0, 0.0, 0.0, 0.0, 0.0, 0.0, 0.0, 0.0, 0.0, 0.0, 0.0, 0.0, 0.0, 0.0, 0.0, 0.0, 0.0, 0.0, 0.0, 0.0, 0.0, 0.0, 0.0, 0.0, 0.0, 0.0, 0.0, 0.0, 0.0, 0.0, 0.0, 0.0, 0.0, 0.0, 0.0, 2.0, 2.0, 3.0, 4.0, 4.0, 5.0, 6.0, 6.0, 6.0, 7.0, 8.0, 8.0, 11.0, 12.0, 12.0, 17.0, 19.0, 19.0, 29.0, 36.0, 36.0, 39.0, 45.0, 45.0, 58.0, 69.0, 69.0, 101.0, 107.0, 119.0, 145.0, 159.0, 159.0, 198.0, 227.0, 240.0, 301.0, 326.0, 326.0, 326.0, 401.0, 410.0, 448.0, 471.0, 471.0, 526.0, 536.0, 544.0, 567.0, 574.0, 581.0, 603.0, 615.0, 615.0, 624.0, 628.0, 628.0, 628.0, 628.0, 628.0, 628.0, 628.0]","[356, 356.0, 356.0, 356.0, 356.0, 356.0, 356.0, 356.0, 356.0, 356.0, 356.0, 356.0, 356.0, 356.0, 356.0, 356.0, 356.0, 356.0, 356.0, 356.0, 356.0, 356.0, 356.0, 356.0, 356.0, 356.0, 356.0, 356.0, 356.0, 356.0, 356.0, 356.0, 356.0, 356.0, 355.0, 352.0, 352.0, 348.0, 346.0, 346.0, 342.0, 339.0, 337.0, 337.0, 332.0, 327.0, 327.0, 310.0, 306.0, 306.0, 276.0, 266.0, 266.0, 234.0, 212.0, 212.0, 200.0, 182.0, 182.0, 151.0, 128.0, 128.0, 71.0, 62.0, 42.0, 9.0, -7.0, -7.0, -45.0, -72.0, -83.0, -131.0, -148.0, -148.0, -148.0, -193.0, -198.0, -216.0, -226.0, -226.0, -244.0, -248.0, -251.0, -259.0, -261.0, -264.0, -273.0, -280.0, -280.0, -287.0, -290.0, -290.0, -290.0, -290.0, -290.0, -290.0, -290.0]"
"SMALLER","Dataset","1","-500","5","4","-1","1000","0.53","0.5","1500","500","183","166.5","366","333","Congurent","undefined","yes","undefined","22","undefined","undefined","black","yes","psycho","I have read and understood the information shown above","psycho","psycho","0","uniform","1","SMALLER","undefined","1","0","0","17","17","0","17","17","17","17","17","0","0","0","17","17","0","0","17","Fri Dec  9 14:03:01 2022","A template containing a practice and an experimental phase","yes","experiment.osexp","C:\Users\lauri\Desktop\Local_Git\Laurits_Code\Experiments\PercAct - Exam","no","mono","no","42","no","white","no","Participate!","yes","Male","2000","11.269300011917949","11.269300011917949","psycho","17","17","C:/Users/lauri/Desktop/Local_Git/Laurits_Code/Experiments/PercAct - Exam/Data/subject-9365.csv","psycho","Lentiform Loewenfeld","3.3.12","testMonitor","yes","0","SMALLER","NA","space","SMALLER","843.93380000256","NA","27760.759299853817","843.93380000256","2","psycho","Yes","1024","2","48000","-16","experiment","9365","odd","87590.25449980982","87589.9034999311","174415.90179991908","175946.73869991675","11392.047999892384","174920.0169998221","176947.44259980507","177969.2606998142","175440.819399897","177444.6373998653","NA","11391.782299848273","59826.40939997509","178820.65419992432","177970.04009992816","37153.602699982","NA","174388.63389985636","[177972.90049982257, 177984.1697998345, 177994.90239983425, 178005.56760001928, 178016.16939995438, 178026.927099796, 178037.5481999945, 178048.3103999868, 178058.87069995515, 178069.36659989879, 178079.96140001342, 178090.42819985189, 178101.17919999175, 178111.66559997946, 178122.2463999875, 178133.07849992998, 178156.95429989137, 178167.5443998538, 178178.0548999086, 178188.29319998622, 178198.60379979946, 178209.6815998666, 178220.06239998154, 178230.84859992377, 178242.7214998752, 178255.0564999692, 178265.35109989345, 178276.44299995154, 178286.7276999168, 178297.11439996026, 178308.09189984575, 178318.69709980674, 178329.32969997637, 178340.08359978907, 178352.17450000346, 178362.91209980845, 178374.56199992448, 178385.46839985065, 178396.48179989308, 178410.00269982032, 178447.41259980947, 178459.5948997885, 178470.52619978786, 178482.27679985575, 178494.52889990062, 178505.19349984825, 178517.1278999187, 178528.30419992097, 178539.00899994187, 178550.57239998132, 178561.35029997677, 178571.9615998678, 178582.6877998188, 178594.50130001642, 178606.558999978, 178617.31119989417, 178628.6471998319, 178639.36979998834, 178650.1010998618, 178660.79589980654, 178671.460499987, 178682.57669988088, 178694.44979983382, 178707.7285000123, 178721.01219999604, 178731.71429987997, 178745.08089991286, 178755.71880000643, 178767.387899803, 178780.97069985233, 178792.09050000645, 178803.39829996228, 178814.32110001333, 178816.83429982513]","Extended template","0","0","0","yes","3000","[0, 0.0, 0.0, 0.0, 0.0, 0.0, 0.0, 0.0, 0.0, 0.0, 0.0, 0.0, 0.0, -1.0, -1.0, -1.0, -9.0, -11.0, -23.0, -29.0, -29.0, -50.0, -59.0, -68.0, -92.0, -118.0, -118.0, -174.0, -181.0, -181.0, -181.0, -208.0, -218.0, -218.0, -249.0, -255.0, -255.0, -277.0, -278.0, -278.0, -298.0, -307.0, -307.0, -320.0, -325.0, -325.0, -345.0, -358.0, -358.0, -374.0, -380.0, -380.0, -393.0, -395.0, -395.0, -403.0, -403.0, -403.0, -407.0, -409.0, -409.0, -419.0, -419.0, -419.0, -427.0, -427.0, -434.0, -435.0, -436.0, -438.0, -439.0, -439.0, -441.0, -441.0]","[356, 356.0, 357.0, 357.0, 357.0, 357.0, 357.0, 357.0, 357.0, 357.0, 357.0, 357.0, 357.0, 357.0, 358.0, 358.0, 363.0, 364.0, 369.0, 370.0, 370.0, 372.0, 372.0, 372.0, 372.0, 370.0, 370.0, 367.0, 366.0, 366.0, 366.0, 335.0, 311.0, 311.0, 224.0, 203.0, 203.0, 117.0, 99.0, 99.0, -24.0, -47.0, -47.0, -68.0, -78.0, -78.0, -117.0, -141.0, -141.0, -163.0, -171.0, -171.0, -187.0, -190.0, -190.0, -200.0, -201.0, -201.0, -208.0, -211.0, -211.0, -229.0, -230.0, -230.0, -247.0, -247.0, -258.0, -259.0, -262.0, -266.0, -267.0, -267.0, -269.0, -269.0]"
"SMALLER","Dataset","1","500","5","4","-1","1000","0.53","0.5","1500","1000","183","166.5","366","333","Control","undefined","yes","undefined","22","undefined","undefined","black","yes","psycho","I have read and understood the information shown above","psycho","psycho","0","uniform","1","SMALLER","undefined","1","0","0","18","18","0","18","18","18","18","18","0","0","0","18","18","0","0","18","Fri Dec  9 14:03:01 2022","A template containing a practice and an experimental phase","yes","experiment.osexp","C:\Users\lauri\Desktop\Local_Git\Laurits_Code\Experiments\PercAct - Exam","no","mono","no","42","no","white","no","Participate!","yes","Male","2000","0","0","psycho","18","18","C:/Users/lauri/Desktop/Local_Git/Laurits_Code/Experiments/PercAct - Exam/Data/subject-9365.csv","psycho","Lentiform Loewenfeld","3.3.12","testMonitor","yes","0","SMALLER","NA","space","SMALLER","1469.7902998887002","NA","27760.759299853817","1469.7902998887002","2","psycho","Yes","1024","2","48000","-16","experiment","9365","odd","87590.25449980982","87589.9034999311","179166.3416000083","180689.38409979455","11392.047999892384","179667.8702000063","181689.67389990576","182751.09819998033","180180.54639990442","182225.09309998713","NA","11391.782299848273","59826.40939997509","184228.95709984004","182751.9421998877","37153.602699982","NA","179153.4982000012","[182754.63209999725, 182766.5343999397, 182777.2818999365, 182788.02019986324, 182799.03809982352, 182810.2474999614, 182821.64679979905, 182832.44889997877, 182844.35389982536, 182855.059399968, 182866.519899806, 182877.62429984286, 182888.89209995978, 182899.62599985301, 182910.38519982249, 182921.43989983015, 182932.17519996688, 182943.4940998908, 182954.3771999888, 182965.08599980734, 182975.86659993976, 182988.82349999622, 183023.39639980346, 183034.16829998605, 183044.88529986702, 183055.54649978876, 183066.30209996365, 183077.89359986782, 183089.92739999667, 183100.7142998278, 183111.4191999659, 183122.16399982572, 183132.91869987734, 183143.8587999437, 183154.6419998631, 183165.48109985888, 183177.29739984497, 183188.4750998579, 183199.7881999705, 183210.53599985316, 183221.91819990985, 183232.67689999193, 183245.44039997272, 183256.25330000184, 183266.97469991632, 183288.1742999889, 183301.01319984533, 183312.63810000382, 183323.63060000353, 183335.12780000456, 183346.60279983655, 183358.81369980052, 183369.86839980818, 183380.58099988848, 183392.38109998405, 183403.6090997979, 183415.27029988356, 183428.96679998375, 183439.88580000587, 183452.34759990126, 183463.0632000044, 183475.86539993063, 183486.61149991676, 183498.12719994225, 183509.00610000826, 183519.6970999241, 183530.3761998657, 183541.8903999962, 183553.67930000648, 183570.38139994256, 183581.52299979702, 183596.02359985, 183607.01549984515, 183618.81959997118, 183629.9149999395, 183641.24859985895, 183652.3713998031, 183663.40979980305, 183675.03829998896, 183687.159499852, 183698.22109979577, 183708.91899988055, 183719.53319991007, 183725.0584999565, 183728.65760000423, 183729.19079987332, 183730.30529986136, 183731.5793999005, 183732.6763998717, 183733.23149979115, 183733.7288998533, 183734.2168998439, 183734.64309982955, 183735.06869981065, 183735.81099999137, 183736.30309989676, 183736.90419993363, 183738.4097999893, 183739.44169981405, 183740.3828999959, 183742.5857000053, 183744.12679998204, 183744.66369999573, 183746.5749999974, 183747.19939986244, 183747.69589980133, 183748.65079997107, 183749.17289987206, 183749.7008999344, 183750.14469982125, 183750.56359986775, 183751.02299987338, 183751.42849981785, 183751.8301999662, 183752.27870000526, 183752.68759997562, 183753.1002999749, 183753.91229987144, 183754.44629997946, 183754.9180998467, 183755.33529999666, 183755.748399999, 183756.2336998526, 183756.64859986864, 183757.82719999552, 183758.8817998767, 183760.26839995757, 183760.85139997303, 183761.45439990796, 183762.9305999726, 183763.4989998769, 183763.95289995708, 183764.37999983318, 183764.88149981014, 183765.3387999162, 183765.76609979384, 183766.2166999653, 183766.624199925, 183767.02549983747, 183767.4678999465, 183767.94719998725, 183768.46169983037, 183769.0657998901, 183769.60739982314, 183770.49359981902, 183771.42259990796, 183771.93359984085, 183772.37449982204, 183772.86569983698, 183773.29429984093, 183774.47089995258, 183775.82529978827, 183776.43839991651, 183777.43769995868, 183778.22559978813, 183778.862999985, 183779.34699994512, 183779.81649991125, 183780.26039991528, 183780.6708998978, 183781.19399980642, 183781.64860000834, 183782.06999995746, 183782.51659986563, 183782.95169980265, 183783.35669985972, 183783.8539998047, 183784.27019994706, 183784.6979999449, 183785.14529997483, 183785.5548998341, 183786.1098998692, 183786.97409993038, 183787.75329981, 183788.42639992945, 183788.8934998773, 183789.37149979174, 183789.8136000149, 183790.38809984922, 183791.1601997912, 183792.6499999594, 183793.34329999983, 183793.81129983813, 183794.31799985468, 183794.744099956, 183795.1856998261, 183795.74989993125, 183796.5947999619, 183797.1489999909, 183797.65149997547, 183798.08290000074, 183798.55639999732, 183798.99689997546, 183799.43689983338, 183799.88930001855, 183800.34069996327, 183800.84039992653, 183801.28589994274, 183801.7094999086, 183802.12019989267, 183802.558099851, 183802.97499988228, 183803.38239995763, 183803.78609988838, 183804.2284999974, 183804.63269981556, 183805.03589985892, 183805.48879993148, 183805.8960000053, 183806.3015998341, 183806.77059991285, 183807.53429979086, 183809.06749982387, 183809.68169984408, 183810.14429987408, 183810.57719979435, 183811.04189995676, 183811.46459979936, 183811.8849999737, 183812.36839992926, 183812.78669997118, 183813.1969999522, 183813.6463998817, 183814.05980000272, 183814.46509994566, 183814.9125999771, 183815.32229995355, 183815.726300003, 183816.17100001313, 183816.58379989676, 183816.99159997515, 183818.056399934, 183818.78919992596, 183820.73739985935, 183822.50699982978, 183827.22450001165, 183833.4388998337, 183837.6676000189, 183839.73429980688, 183843.09209999628, 183844.45540001616, 183845.44469998218, 183845.80779983662, 183846.24489978887, 183846.49989986792, 183846.759499982, 183847.0134998206, 183847.32960001566, 183847.96369983815, 183848.27209985815, 183848.51379995234, 183848.7420999445, 183848.9904999733, 183849.21349980868, 183849.43099995144, 183849.66229996644, 183849.8823000118, 183850.0949998852, 183850.30709998682, 183850.56179994717, 183850.7777999621, 183850.98979994655, 183851.2221998535, 183851.4353998471, 183851.64729994722, 183851.8775999546, 183852.0943999756, 183852.30849985965, 183852.52089984715, 183852.75570000522, 183852.9675998725, 183853.18129998632, 183853.41300000437, 183853.62639999948, 183853.83819998242, 183854.09769997932, 183854.80359988287, 183855.1025998313, 183855.3467998281, 183855.6007000152, 183855.84889980964, 183856.0738998931, 183856.29229992628, 183856.5400999505, 183856.79319989868, 183857.2103998158, 183868.7757998705, 183879.25180001184, 183889.645999996, 183900.0790999271, 183910.4950998444, 183920.92619999312, 183931.53049983084, 183942.36440001987, 183952.9670998454, 183963.4069998283, 183974.20139983296, 183984.7019999288, 183995.1296998188, 184005.58399991132, 184016.2864997983, 184026.78209985606, 184037.17649984173, 184047.8438998107, 184062.00859998353, 184072.9898000136, 184083.59960000962, 184094.0306999255, 184104.4451999478, 184115.1108997874, 184127.6773000136, 184138.26629985124, 184148.67219980806, 184159.8445000127, 184170.29059980996, 184180.70019991137, 184194.6803999599, 184205.05729992874, 184215.48349992372, 184224.42239988595]","Extended template","0","0","0","yes","3000","[0, 0.0, 0.0, 0.0, 0.0, 0.0, 0.0, 0.0, 0.0, 0.0, 0.0, 0.0, 0.0, 0.0, 0.0, 0.0, 0.0, 0.0, 0.0, 0.0, 0.0, 0.0, 0.0, 0.0, 0.0, 0.0, 0.0, 0.0, 0.0, -1.0, -2.0, -2.0, -4.0, -5.0, -5.0, -14.0, -22.0, -22.0, -36.0, -42.0, -42.0, -57.0, -63.0, -63.0, -81.0, -89.0, -121.0, -136.0, -136.0, -220.0, -245.0, -245.0, -312.0, -312.0, -312.0, -379.0, -385.0, -407.0, -425.0, -425.0, -454.0, -470.0, -470.0, -500.0, -506.0, -506.0, -535.0, -542.0, -542.0, -582.0, -588.0, -614.0, -627.0, -627.0, -643.0, -649.0, -649.0, -649.0, -649.0, -649.0, -650.0, -650.0, -650.0, -650.0, -650.0, -650.0, -650.0, -650.0, -650.0, -650.0, -650.0, -650.0, -650.0, -650.0, -650.0, -650.0, -650.0, -650.0, -650.0, -650.0, -650.0, -650.0, -650.0, -650.0, -650.0, -650.0, -650.0, -650.0, -650.0, -650.0, -650.0, -650.0, -650.0, -650.0, -650.0, -650.0, -650.0, -650.0, -650.0, -650.0, -650.0, -650.0, -650.0, -650.0, -650.0, -650.0, -650.0, -650.0, -650.0, -650.0, -650.0, -650.0, -650.0, -650.0, -650.0, -650.0, -650.0, -650.0, -650.0, -650.0, -650.0, -650.0, -650.0, -650.0, -650.0, -650.0, -650.0, -650.0, -650.0, -650.0, -650.0, -650.0, -650.0, -650.0, -650.0, -650.0, -650.0, -650.0, -650.0, -650.0, -650.0, -650.0, -650.0, -650.0, -650.0, -650.0, -650.0, -650.0, -650.0, -650.0, -650.0, -650.0, -650.0, -650.0, -650.0, -650.0, -650.0, -650.0, -650.0, -650.0, -650.0, -650.0, -650.0, -650.0, -650.0, -650.0, -650.0, -650.0, -650.0, -650.0, -650.0, -650.0, -650.0, -650.0, -650.0, -650.0, -650.0, -650.0, -650.0, -650.0, -650.0, -650.0, -650.0, -650.0, -650.0, -650.0, -650.0, -650.0, -650.0, -650.0, -650.0, -650.0, -650.0, -650.0, -650.0, -650.0, -650.0, -650.0, -650.0, -650.0, -650.0, -650.0, -650.0, -650.0, -650.0, -650.0, -650.0, -650.0, -650.0, -650.0, -650.0, -650.0, -650.0, -650.0, -650.0, -650.0, -650.0, -650.0, -650.0, -650.0, -650.0, -650.0, -650.0, -650.0, -650.0, -650.0, -650.0, -650.0, -650.0, -650.0, -650.0, -650.0, -650.0, -650.0, -650.0, -650.0, -650.0, -650.0, -650.0, -650.0, -650.0, -650.0, -650.0, -650.0, -650.0, -650.0, -650.0, -650.0, -650.0, -650.0, -650.0, -650.0, -650.0, -650.0, -650.0, -650.0, -650.0, -650.0, -650.0, -650.0, -650.0, -650.0, -650.0, -650.0, -650.0, -650.0, -651.0, -651.0, -651.0, -651.0, -652.0, -652.0, -652.0, -652.0, -652.0, -649.0, -647.0, -647.0, -641.0, -640.0, -638.0, -632.0, -628.0, -628.0, -622.0, -622.0, -621.0, -620.0, -619.0, -619.0, -618.0, -617.0, -617.0, -615.0, -615.0, -614.0, -613.0, -612.0, -612.0, -612.0]","[356, 355.0, 355.0, 355.0, 354.0, 354.0, 354.0, 352.0, 352.0, 352.0, 350.0, 349.0, 349.0, 348.0, 347.0, 347.0, 346.0, 346.0, 346.0, 344.0, 343.0, 343.0, 338.0, 333.0, 331.0, 331.0, 322.0, 315.0, 315.0, 294.0, 289.0, 289.0, 259.0, 252.0, 252.0, 222.0, 205.0, 205.0, 183.0, 176.0, 176.0, 162.0, 158.0, 158.0, 138.0, 132.0, 103.0, 91.0, 91.0, 24.0, 6.0, 6.0, -43.0, -43.0, -43.0, -98.0, -104.0, -122.0, -140.0, -140.0, -169.0, -186.0, -186.0, -213.0, -218.0, -218.0, -243.0, -248.0, -248.0, -290.0, -297.0, -339.0, -366.0, -366.0, -404.0, -430.0, -430.0, -450.0, -453.0, -453.0, -454.0, -454.0, -454.0, -454.0, -454.0, -454.0, -454.0, -454.0, -454.0, -454.0, -454.0, -454.0, -454.0, -454.0, -454.0, -454.0, -454.0, -454.0, -454.0, -454.0, -454.0, -454.0, -454.0, -454.0, -454.0, -454.0, -454.0, -454.0, -454.0, -454.0, -454.0, -454.0, -454.0, -454.0, -454.0, -454.0, -454.0, -454.0, -454.0, -454.0, -454.0, -454.0, -454.0, -454.0, -454.0, -454.0, -454.0, -454.0, -454.0, -454.0, -454.0, -454.0, -454.0, -454.0, -454.0, -454.0, -454.0, -454.0, -454.0, -454.0, -454.0, -454.0, -454.0, -454.0, -454.0, -454.0, -454.0, -454.0, -454.0, -454.0, -454.0, -454.0, -454.0, -454.0, -454.0, -454.0, -454.0, -454.0, -454.0, -454.0, -454.0, -454.0, -454.0, -454.0, -454.0, -454.0, -454.0, -454.0, -454.0, -454.0, -454.0, -454.0, -454.0, -454.0, -454.0, -454.0, -454.0, -454.0, -454.0, -454.0, -454.0, -454.0, -454.0, -454.0, -454.0, -454.0, -454.0, -454.0, -454.0, -454.0, -454.0, -454.0, -454.0, -454.0, -454.0, -454.0, -454.0, -454.0, -454.0, -454.0, -454.0, -454.0, -454.0, -454.0, -454.0, -454.0, -454.0, -454.0, -454.0, -454.0, -454.0, -454.0, -454.0, -454.0, -454.0, -454.0, -454.0, -454.0, -454.0, -454.0, -454.0, -454.0, -454.0, -454.0, -454.0, -454.0, -454.0, -454.0, -454.0, -454.0, -454.0, -454.0, -454.0, -454.0, -454.0, -454.0, -454.0, -454.0, -454.0, -454.0, -454.0, -454.0, -454.0, -454.0, -454.0, -454.0, -454.0, -454.0, -454.0, -454.0, -454.0, -454.0, -454.0, -454.0, -454.0, -454.0, -454.0, -454.0, -454.0, -454.0, -454.0, -454.0, -454.0, -454.0, -454.0, -454.0, -454.0, -454.0, -454.0, -454.0, -454.0, -454.0, -454.0, -454.0, -454.0, -454.0, -454.0, -454.0, -454.0, -454.0, -454.0, -454.0, -454.0, -454.0, -454.0, -454.0, -451.0, -451.0, -451.0, -449.0, -449.0, -449.0, -444.0, -443.0, -443.0, -436.0, -434.0, -434.0, -423.0, -419.0, -415.0, -403.0, -396.0, -396.0, -386.0, -384.0, -383.0, -382.0, -381.0, -381.0, -379.0, -378.0, -378.0, -377.0, -376.0, -375.0, -372.0, -371.0, -371.0, -369.0]"
"BIGGER","Dataset","1","-1125","6","7","1","3375","0.48","0.47","2250","3375","201.5","221.5","403","443","Control","undefined","yes","undefined","22","undefined","undefined","black","yes","psycho","I have read and understood the information shown above","psycho","psycho","0","uniform","1","BIGGER","undefined","1","0","0","19","19","0","19","19","19","19","19","0","0","0","19","19","0","0","19","Fri Dec  9 14:03:01 2022","A template containing a practice and an experimental phase","yes","experiment.osexp","C:\Users\lauri\Desktop\Local_Git\Laurits_Code\Experiments\PercAct - Exam","no","mono","no","42","no","white","no","Participate!","yes","Male","2000","321.0591000970453","321.0591000970453","psycho","19","19","C:/Users/lauri/Desktop/Local_Git/Laurits_Code/Experiments/PercAct - Exam/Data/subject-9365.csv","psycho","Lentiform Loewenfeld","3.3.12","testMonitor","yes","0","BIGGER","NA","space","BIGGER","1169.6752000134438","NA","27760.759299853817","1169.6752000134438","2","psycho","Yes","1024","2","48000","-16","experiment","9365","odd","87590.25449980982","87589.9034999311","184554.72799995914","186086.39630000107","11392.047999892384","185054.92099979892","187086.8336998392","188112.82799998298","185576.67979993857","187589.34419997968","NA","11391.782299848273","59826.40939997509","189290.65199987963","188113.63529996015","37153.602699982","NA","184544.18149986304","[188116.5403998457, 188128.8422998041, 188139.52009985223, 188150.24799993262, 188161.0512000043, 188171.74049979076, 188182.42289987393, 188193.0933999829, 188203.91309983097, 188214.71879980527, 188225.5034998525, 188236.5244999528, 188247.31149990112, 188258.19089985453, 188270.09969996288, 188280.95749998465, 188292.36519988626, 188303.609599825, 188314.47239988483, 188325.41199983098, 188336.09539992176, 188348.9904999733, 188361.161199864, 188371.86129996553, 188382.6085999608, 188394.34689981863, 188405.08989989758, 188415.8059998881, 188426.48899997585, 188437.59949994273, 188449.2357999552, 188462.51429989934, 188475.0610999763, 188486.9644998107, 188498.53309988976, 188510.7530998066, 188522.51889999025, 188533.2485998515, 188552.20869998448, 188563.34399990737, 188574.16149997152, 188585.58159996755, 188596.57749999315, 188609.29749999195, 188655.39369988255, 188667.35829995014, 188680.96959986724, 188692.1057999134, 188703.7463998422, 188714.45450000465, 188725.7642999757, 188736.51989991777, 188748.80969990045, 188759.55359986983, 188770.43239981867, 188781.20919992216, 188792.69459983334, 188803.50239994004, 188814.555299934, 188825.76469983906, 188837.35349983908, 188848.2028997969, 188859.71859982237, 188870.49339991063, 188881.89329998568, 188892.7666998934, 188905.1653998904, 188923.79639996216, 188935.26049982756, 188946.75170001574, 188958.69899983518, 188970.22459981963, 188981.66529997252, 188993.16529999487, 189005.1426999271, 189015.8381999936, 189026.5998998657, 189037.25079982542, 189048.73299994506, 189059.6948999446, 189070.588799892, 189081.3010998536, 189092.60629978962, 189103.4076998476, 189115.0552998297, 189125.9494998958, 189136.71879982576, 189147.75659982115, 189159.58509990014, 189172.2710998729, 189222.79699984938, 189234.0579999145, 189245.0150998775, 189255.64250000753, 189266.96009980515, 189278.04419980384, 189286.21559985913]","Extended template","0","0","0","yes","3000","[0, 0.0, 0.0, 0.0, 0.0, 0.0, 0.0, 0.0, 0.0, 0.0, 0.0, 0.0, 0.0, 0.0, 0.0, 0.0, 0.0, 0.0, 0.0, 0.0, 0.0, 0.0, 0.0, 0.0, 0.0, 0.0, 0.0, 0.0, 0.0, 0.0, -2.0, -3.0, -3.0, -4.0, -4.0, -3.0, -1.0, -1.0, -1.0, 0.0, 0.0, 20.0, 29.0, 29.0, 93.0, 101.0, 121.0, 127.0, 127.0, 147.0, 162.0, 162.0, 199.0, 222.0, 222.0, 264.0, 272.0, 272.0, 343.0, 369.0, 369.0, 414.0, 423.0, 423.0, 482.0, 487.0, 487.0, 517.0, 517.0, 539.0, 549.0, 549.0, 561.0, 564.0, 564.0, 576.0, 579.0, 579.0, 580.0, 581.0, 581.0, 581.0, 581.0, 581.0, 581.0, 581.0, 581.0, 578.0, 578.0, 578.0, 568.0, 568.0, 565.0, 564.0, 564.0, 564.0, 564.0]","[356, 356.0, 356.0, 356.0, 356.0, 356.0, 356.0, 356.0, 356.0, 356.0, 356.0, 356.0, 356.0, 356.0, 356.0, 356.0, 356.0, 356.0, 356.0, 356.0, 356.0, 356.0, 356.0, 356.0, 356.0, 356.0, 356.0, 356.0, 356.0, 356.0, 351.0, 346.0, 346.0, 319.0, 319.0, 298.0, 282.0, 282.0, 249.0, 241.0, 241.0, 153.0, 123.0, 123.0, -83.0, -110.0, -171.0, -192.0, -192.0, -238.0, -258.0, -258.0, -298.0, -317.0, -317.0, -347.0, -355.0, -355.0, -398.0, -408.0, -408.0, -422.0, -424.0, -424.0, -431.0, -432.0, -432.0, -435.0, -435.0, -435.0, -435.0, -435.0, -427.0, -425.0, -425.0, -408.0, -400.0, -400.0, -397.0, -397.0, -397.0, -395.0, -395.0, -395.0, -392.0, -391.0, -391.0, -383.0, -382.0, -382.0, -342.0, -342.0, -336.0, -335.0, -334.0, -334.0, -334.0]"
"BIGGER","Dataset","1","750","3","6","1","2250","0.51","0.48","1500","750","183","201.5","366","403","Incongurent","undefined","yes","undefined","22","undefined","undefined","black","yes","psycho","I have read and understood the information shown above","psycho","psycho","0","uniform","1","BIGGER","undefined","1","0","0","20","20","0","20","20","20","20","20","0","0","0","20","20","0","0","20","Fri Dec  9 14:03:01 2022","A template containing a practice and an experimental phase","yes","experiment.osexp","C:\Users\lauri\Desktop\Local_Git\Laurits_Code\Experiments\PercAct - Exam","no","mono","no","42","no","white","no","Participate!","yes","Male","2000","118.39119996875525","118.39119996875525","psycho","20","20","C:/Users/lauri/Desktop/Local_Git/Laurits_Code/Experiments/PercAct - Exam/Data/subject-9365.csv","psycho","Lentiform Loewenfeld","3.3.12","testMonitor","yes","0","BIGGER","NA","space","BIGGER","973.5371000133455","NA","27760.759299853817","973.5371000133455","2","psycho","Yes","1024","2","48000","-16","experiment","9365","odd","87590.25449980982","87589.9034999311","189636.76519994624","191163.74839982018","11392.047999892384","190137.59469985962","192164.18289998546","193178.93289984204","190653.31869991496","192655.88599978946","NA","11391.782299848273","59826.40939997509","194160.6415999122","193179.71599986777","37153.602699982","NA","189623.46289982088","[193184.40439994447, 193203.74189992435, 193217.96019980684, 193228.9248998277, 193239.6793998778, 193250.72639994323, 193261.36779994704, 193271.73209981993, 193282.08739985712, 193292.43519995362, 193302.79559991322, 193313.1935999263, 193323.567799991, 193333.97739985958, 193345.3488999512, 193355.69369979203, 193366.11859989353, 193376.75379985012, 193387.25859997794, 193397.69479981624, 193408.81429985166, 193419.29969983175, 193429.92019979283, 193440.39929984137, 193451.7347998917, 193462.15159981512, 193472.56449982524, 193482.9692998901, 193493.39689989574, 193504.23630001023, 193514.67559998855, 193525.3579998389, 193535.85210000165, 193546.54349992052, 193556.92419991829, 193567.34269997105, 193578.35929980502, 193588.9665998984, 193599.4760999456, 193609.97479991056, 193620.37529982626, 193630.91049995273, 193643.01339979284, 193653.39899994433, 193663.84479985572, 193674.2213999387, 193684.91619988345, 193696.0355998017, 193706.4492998179, 193716.92639985122, 193728.16829988733, 193739.65609981678, 193750.90099987574, 193761.34489988908, 193771.73579996452, 193782.14479982853, 193792.56309987977, 193802.92309983633, 193813.36399982683, 193824.13269998506, 193834.93659994565, 193845.5770998262, 193856.21379991062, 193866.6213999968, 193877.51389993355, 193887.9346998874, 193898.39129988104, 193910.0635999348, 193920.44829996303, 193931.23029987328, 193943.21269984357, 193953.6793997977, 193964.10999982618, 193974.8749998398, 193985.64459988847, 193996.42219999805, 194006.97709992528, 194017.8755999077, 194028.31620001234, 194038.75159984455, 194049.42479985766, 194059.8879000172, 194070.353299845, 194081.1923998408, 194091.6531998664, 194102.0361999981, 194112.44649998844, 194122.79599998146, 194133.22109985165, 194143.63719988614, 194154.00979993865, 194157.94149995781]","Extended template","0","0","0","yes","3000","[0, 0.0, 0.0, 0.0, 0.0, 0.0, 0.0, 0.0, 0.0, 0.0, 0.0, -5.0, -8.0, -8.0, -11.0, -11.0, -11.0, -13.0, -13.0, -14.0, -15.0, -15.0, -15.0, -15.0, -17.0, -17.0, -17.0, -17.0, -17.0, -17.0, -12.0, -8.0, -8.0, -2.0, 0.0, 0.0, 8.0, 14.0, 14.0, 32.0, 37.0, 48.0, 66.0, 83.0, 83.0, 83.0, 117.0, 136.0, 136.0, 169.0, 177.0, 177.0, 226.0, 236.0, 236.0, 290.0, 302.0, 302.0, 342.0, 346.0, 352.0, 358.0, 374.0, 374.0, 398.0, 410.0, 410.0, 421.0, 430.0, 434.0, 452.0, 467.0, 467.0, 467.0, 522.0, 533.0, 533.0, 569.0, 576.0, 576.0, 602.0, 604.0, 604.0, 606.0, 606.0, 606.0, 606.0, 606.0, 606.0, 606.0, 606.0, 606.0]","[356, 356.0, 356.0, 356.0, 356.0, 356.0, 356.0, 356.0, 356.0, 356.0, 356.0, 358.0, 359.0, 359.0, 359.0, 359.0, 359.0, 359.0, 359.0, 359.0, 359.0, 359.0, 359.0, 359.0, 351.0, 348.0, 348.0, 333.0, 325.0, 325.0, 302.0, 284.0, 284.0, 260.0, 256.0, 256.0, 228.0, 216.0, 216.0, 181.0, 174.0, 156.0, 126.0, 97.0, 97.0, 97.0, 42.0, 16.0, 16.0, -23.0, -31.0, -31.0, -73.0, -79.0, -79.0, -100.0, -104.0, -104.0, -122.0, -124.0, -128.0, -132.0, -140.0, -140.0, -152.0, -158.0, -158.0, -169.0, -176.0, -180.0, -193.0, -203.0, -203.0, -203.0, -241.0, -247.0, -247.0, -281.0, -287.0, -287.0, -316.0, -318.0, -318.0, -321.0, -321.0, -321.0, -321.0, -321.0, -321.0, -321.0, -321.0, -321.0]"
"BIGGER","Dataset","1","1125","6","7","1","3375","0.48","0.47","2250","4500","201.5","221.5","403","443","Congurent","undefined","yes","undefined","22","undefined","undefined","black","yes","psycho","I have read and understood the information shown above","psycho","psycho","0","uniform","1","BIGGER","undefined","1","0","0","21","21","0","21","21","21","21","21","0","0","0","21","21","0","0","21","Fri Dec  9 14:03:01 2022","A template containing a practice and an experimental phase","yes","experiment.osexp","C:\Users\lauri\Desktop\Local_Git\Laurits_Code\Experiments\PercAct - Exam","no","mono","no","42","no","white","no","Participate!","yes","Male","2000","104.64260005392134","104.64260005392134","psycho","21","21","C:/Users/lauri/Desktop/Local_Git/Laurits_Code/Experiments/PercAct - Exam/Data/subject-9365.csv","psycho","Lentiform Loewenfeld","3.3.12","testMonitor","yes","0","BIGGER","NA","space","BIGGER","1030.1166998688132","NA","27760.759299853817","1030.1166998688132","2","psycho","Yes","1024","2","48000","-16","experiment","9365","odd","87590.25449980982","87589.9034999311","194426.5449999366","195935.04050001502","11392.047999892384","194926.87550000846","196935.162599897","197957.86680001765","195425.32539996319","197430.72569998913","NA","11391.782299848273","59826.40939997509","198995.8973999601","197959.01969983242","37153.602699982","NA","194415.94739980064","[197962.50399993733, 197974.0698998794, 197985.51529995166, 197996.3091998361, 198007.15419999324, 198019.0874999389, 198032.24450000562, 198045.55039992556, 198056.3031998463, 198067.14659999125, 198079.0304997936, 198089.70149978995, 198100.39649996907, 198111.952399835, 198122.60349979624, 198133.34029982798, 198148.13819993287, 198159.9688997958, 198170.70489982143, 198181.91439984366, 198193.74389993027, 198204.9429998733, 198215.85489995778, 198227.5515999645, 198238.53209987283, 198250.0570998527, 198260.82159997895, 198271.49349986576, 198282.17609995045, 198331.96709980257, 198346.88799991272, 198358.19169995375, 198369.28969994187, 198380.17769996077, 198392.24829990417, 198403.03339995444, 198414.23899983056, 198425.10579992086, 198436.47479987703, 198448.77699995413, 198460.47419984825, 198471.45129996352, 198482.3397998698, 198493.432499934, 198505.0613998901, 198516.86439989135, 198528.3120998647, 198539.78269989602, 198550.65919994377, 198561.43799982965, 198572.0890997909, 198619.31589990854, 198630.0272999797, 198640.75979986228, 198651.87479997985, 198662.54960000515, 198673.18379995413, 198684.85670001246, 198695.63259999268, 198706.3457998447, 198717.0125998091, 198729.44269981235, 198741.42789980397, 198753.2549998723, 198764.01069993153, 198775.36349999718, 198786.11180000007, 198796.81369988248, 198808.7269999087, 198820.36469993182, 198831.28899987787, 198845.27379996143, 198856.41389992088, 198867.41029983386, 198879.94279991835, 198890.77049982734, 198902.51849987544, 198914.01339997537, 198924.8036998324, 198935.77559990808, 198946.6774999164, 198958.3162998315, 198970.222099917, 198981.01269989274, 198992.286299821, 198992.62069980614]","Extended template","0","0","0","yes","3000","[0, 0.0, 0.0, 0.0, 0.0, 0.0, 0.0, 0.0, 0.0, 0.0, -1.0, -3.0, -3.0, -15.0, -20.0, -20.0, -26.0, -28.0, -28.0, -35.0, -40.0, -40.0, -50.0, -52.0, -52.0, -57.0, -59.0, -59.0, -62.0, -70.0, -78.0, -85.0, -85.0, -93.0, -96.0, -96.0, -102.0, -102.0, -102.0, -91.0, -78.0, -78.0, -48.0, -42.0, -42.0, -27.0, -19.0, -19.0, 3.0, 11.0, 11.0, 75.0, 94.0, 94.0, 146.0, 156.0, 156.0, 191.0, 204.0, 204.0, 254.0, 267.0, 267.0, 318.0, 318.0, 318.0, 352.0, 370.0, 370.0, 418.0, 418.0, 448.0, 459.0, 469.0, 476.0, 482.0, 482.0, 485.0, 485.0, 485.0, 485.0, 485.0, 485.0, 485.0, 485.0, 485.0]","[356, 356.0, 356.0, 356.0, 356.0, 356.0, 356.0, 356.0, 356.0, 356.0, 357.0, 359.0, 359.0, 368.0, 370.0, 370.0, 373.0, 373.0, 373.0, 376.0, 377.0, 377.0, 379.0, 379.0, 379.0, 380.0, 380.0, 380.0, 380.0, 372.0, 346.0, 317.0, 317.0, 275.0, 257.0, 257.0, 203.0, 146.0, 146.0, 82.0, 49.0, 49.0, 1.0, -9.0, -9.0, -28.0, -35.0, -35.0, -57.0, -64.0, -64.0, -109.0, -121.0, -121.0, -155.0, -162.0, -162.0, -182.0, -189.0, -189.0, -214.0, -221.0, -221.0, -240.0, -240.0, -240.0, -253.0, -259.0, -259.0, -277.0, -277.0, -290.0, -294.0, -300.0, -304.0, -310.0, -310.0, -314.0, -314.0, -314.0, -314.0, -314.0, -314.0, -314.0, -314.0, -314.0]"
